1576430556933672960
1576489483457134594
1576509602732322819
1576660900668317696
1576716382024015872
1576720425505415170
1576755412824600576
1576995410992041986
1577051131339235328
1577055035577417728
1577068103791366145
1577070764175466499
1577083110805876738
1577098034147573760
1577193525720272897
1577193763252076544
1577100518446403584
1577592730104254464
1577681106971000832
1577751763859521570
1577814530729525248
1577857217352863744
1577858408144936960
1577866370179805184
1577940553081176065
1577996126955122688
1577998007018328064
1577998613615345664
1577998915366162433
1578245815130210304
1578516453434675200
1578638137701838848
1578973277539926017
1577940553081176065
1578245815130210304
1578516453434675200
1578638137701838848
1578973277539926017
1579547332571705345
1579547617717293056
1579548229431365634
1579554638369796102
1579608397468794880
1579628879270281216
1579629421064921088
1579758548355276800
1579758871589302272
1579768241400197120
1579789920960655360
1579790235730575360
1579900565424701441
1579964993243873287
1580181779868430336
1580258975047888896
1580259413297807363
1580259612670177280
1580260690962501632
1580261950604222464
1580262961058263040
1580265275265495040
1580268043279958016
1580269274848849920
1580269426082910215
1580269963679477761
1580276935921655808
1580277066930434049
1580279094205259776
1580283694731776000
1580381402767720448
1580449719511572480
1580449785135640576
1580476694519246850
1580480705733148672
1580516570518159366
1580517097708609538
1580576986145038336
1580664540152606721
1580838449292406784
1580838874200227841
1580842852476915714
1580842860622286848
1580879439193595904
1581315661242171392
1581359254363148288
1581359894082424834
1581512593918685184
1581628130418384896
1581628264434782209
1581639528053321730
1581644625604845568
1581655283448745985
1581732410584371200
1581945888465096704
1581945996095160320
1582035073573888000
1582082039033262082
1582135400147001344
1582135466068828161
1582142861604446209
1582148227943436288
1582167082997014528
1582188441793548290
1582191818430521344
1582191849540026368
1582280269469716481
1582283272024834050
1582371009587740672
1582461770198761472
1582555511949385728
1582617083179044864
1582617435416694784
1582635977373544449
1582636277605617664
1582773035178024961
1583173642166292480
1583176372696252417
1583204758495457280
1583526503492440064
1583563981108629504
1583575990411747328
1583576858133921793
1583668922167234561
1583669374397059072
1583689284594245633
1583863041493413888
1583888933494358017
1583908414102519812
1583909513832574976
1583968857554767872
1584008637134970883
1584441576205320195
1584442364591939584
1584480659199754242
1584528264915083265
1584528264965787649
1584622108025712641
1584628579677126657
1584629534527488001
1584629633735364608
1584649537997533185
1584728511952011266
1584753182156414976
1585073813905375233
1585097154032435200
1585098477557555200
1585112474097176576
1585144962085048321
1585145288767201288
1585145360313618432
1585145559887020032
1585145633530597376
1585161614461849600
1585199425206394880
1585208233010290690
1585277536187064322
1585424318103945216
1585449222635225088
1585511782885380097
1585553749199978497
1585828601727156224
1585841772332302339
1585871064021671936
1585872552513134592
1585872662915559424
1585875080315559936
1586100052623171586
1586179378089582592
1586374470939254785
1586376473119686656
1586392482321158144
1586643720878706689
1586737628338077701
1586840114868629504
1587216332940247040
1587235419241996288
1587255460943511553
1587280116069142528
1587290714487943168
1587336915048894466
1587459847636779008
1587670143840112640
1587670772323155969
1587828606583115776
1587830007753105408
1587830065223684098
1587891436371861504
1587931182284517381
1587936783299321856
1587947549658386433
1587983746543894534
1588044083666231298
1588093544685719552
1588095705070981120
1588100836575440896
1588101073910104066
1588101210329927680
1588128449490612225
1588149163811913731
1588293190322253827
1588366787065675777
1588678173138780160
1588762792521498629
1588796489224294400
1588958260258025472
1589150733659963393
1589439728973217793
1589529660429602816
1589532085144150017
1589532195844411393
1589540519583289344
1589570601567809538
1589641589135413248
1589669189765451776
1589916075705085952
1589916571518242816
1589918062358450176
1589977133857722368
1590885589603479552
1591306004666675201
1591307219169148930
1591336097216622594
1591336705730437120
1591730177310359553
1591839086364741632
1592029314119520256
1592086362508840960
1592189421897797633
1592514737165971456
1592635108510474240
1592743719639592960
1593330237609164800
1593612237217964038
1594025064478801920
1594025676578824193
1594025967428608000
1594305241377284102
1594336607661760512
1594475762614423552
1594499300364779523
1594537154453147649
1594543914186317825
1594581129041915904
1594595823748550657
1594617557696348160
1594648307338739712
1594648462431498242
1594650682220769280
1594705822281789443
1580268846790778881
1581083174305599488
1581083425401806848
1581088983148560384
1581096278469246978
1581513143087681536
1581514105894350849
1583568304576565254
1584600364783144960
1584612840824049684
1587558629489926145
1587669760078188545
1591359889011773440
1592042710722314244
1592082624558034946
1594945258965848066
1595094770539712512
1595144029448339457
1595159086265339904
1595190586537283585
1595209971486306304
1595520675607113728
1595531274474643469
1595605679938707457
1595677291300163584
1596235440700407811
1596630228289605633
1596636538116382722
1596733577076449280
1596797256665292802
1596833246561521664
1596996552887013377
1597029385625665536
1597051834689941504
1597053360393228288
1597265217515581440
1597265603529969664
1597266128665214976
1597270533850427392
1597321808331825153
1597325594341310464
1597426336636669952
1597636961694797829
1597654482758045696
1597698554688335872
1597699060462673920
1597845762322223105
1598567014347542529
1598586430795747328
1598796336270217217
1599022459029966848
1599310792008269824
1599324276540297216
1599350192134033409
1599694863800279041
1599703777665503232
1599996347658051584
1600462906335690753
1600496863278407691
1600499056165404672
1600628466977832961
1600669875503972353
1600671934315786240
1600677118874353665
1600700567948767233
1600705712682053632
1600706014537564160
1600706374857822209
1600709284786053120
1600709816791334913
1600752783845560321
1600772713135554560
1601053614755446785
1595709206627246081
1596251536841400320
1596364591269023744
1596365300026421248
1596500447308939265
1597857498903764995
1598352981967376385
1598477628943794176
1598552959738343425
1599118485363490817
1599279465838018560
1599291560507895810
1599297564633083904
1599337445199253504
1599358415092191234
1599423114018185216
1600363418166648835
1600369195241205760
1601558689529593857
1601595882763616257
1601642608698482688
1601749751745372162
1601754145861484544
1601768148621217792
1601877383522713601
1601878641620967424
1601878682137931776
1601879062560968705
1601881127958253570
1602009414990430208
1602012523708010496
1602205274168852480
1602205385993101313
1602275459697639424
1602506093829099520
1602508255062020096
1602540444365508608
1602658754297843712
1602743376201359360
1602753038909050880
1602766954514767872
1602768627534467073
1602800460288647168
1602804823887421444
1602832095952658434
1602847291362123777
1602851330309357568
1602853324667191297
1602963752101580800
1603073603364233217
1603074898758631424
1603287279975686144
1603297578514546688
1603822421190008833
1603838388347584518
1603840758783815680
1602766894465175552
1603867200204701696
1604185149448634369
1604237041977495553
1604261358039711744
1604403162504232961
1604513581780844551
1604516203908632576
1604519045495234561
1604522344550043648
1604556203903709185
1604726291093233664
1604726760142262272
1605034554594832385
1605065307986735104
1605083978847096832
1605252604874874880
1605264950347399168
1605266135339134976
1605266238443241474
1605268175796445200
1605268292112945153
1605341177791684608
1605354994127241217
1605398103036948484
1605415343358447616
1605552893553016832
1605563286728196098
1605707013589151745
1605763163391156226
1605763733040599040
1605978761127636992
1606359300565237763
1606359416999116813
1606359600680271877
1606359770969014284
1606385110697316371
1607544867357433859
1607925564412932096
1608271072562139136
1608325890097782784
1608536973727367170
1608539465340915715
1608780569676251140
1608826609766891522
1608827143257223169
1608827350376140802
1608827612788576256
1608829041943138305
1608888487436255232
1609051353543761921
1609272099276984320
1609724860590329856
1610129643067310081
1610130224003559424
1610710681975914496
1610710768030486530
1605758391506599936
1606347441795731471
1608806613812678660
1610391363820081152
1610883754435973120
1611004280282157057
1611004684344475650
1611005195936489478
1611144693231779843
1611145010531160064
1611145304161624064
1611160944197132288
1611175600126935041
1611231349939240960
1611594073231720449
1611669467972644864
1611954084751474688
1611957866096889859
1611976715802214401
1611978377568874498
1611978836383522816
1611989935439118336
1612041276584792070
1612222955332984832
1612223088833200132
1612223456724279297
1612486617561985025
1612492903158267906
1612559384906813445
1612828971590193152
1613178801374232578
1613178992894398470
1613179047114346496
1613179141196767233
1613179219256958983
1613179256917352448
1613179328854122502
1613411736790437889
1613760768641572869
1613784820076929025
1613792568772366336
1613799407069323266
1614026676589019138
1614045021606666244
1614052812585066496
1612040906529456130
1613408647937417216
1613822548906774529
1614451292163944448
1614504913299714050
1614514545644666881
1614516595333959680
1614620215467454504
1614654062267617280
1614666713181880325
1614668312809738240
1614677261537673216
1614677382820134914
1614706430682054657
1614712147917041665
1614713259600535552
1614713633707274241
1614713877807398912
1614714298080854017
1614714610170613761
1614714833966104577
1614715700198928386
1614727456782712832
1614744314927779841
1614801067224748033
1614801210724474880
1614801331427966977
1614831641935122434
1614882693657034754
1614892923488960512
1614896348918321153
1614897026814324736
1614910639213871104
1614928185006919680
1615072566439288832
1615160760321343488
1615198160649060355
1615744899655307266
1616432895001772040
1616436672723304453
1616496843705442304
1616501597244387331
1616506713582235648
1616507859944222721
1616509728888324098
1616537220919492608
1616539191462223874
1616564014129070080
1616565464246718466
1616568259515502592
1616582644992548864
1616591801372258309
1616592777718165504
1616593204870287360
1616999858153422851
1617004670865805312
1617136121200377856
1617158328022618117
1617233807194705920
1617272807666372608
1617317197373911040
1617317424969437187
1617318052000940035
1617318239603662848
1617318880489398274
1617318933903671297
1617499924962369537
1617541083508142080
1617719234787962880
1617732292319006722
1617734154870980609
1617737559546941441
1617737633568010241
1617743342670073856
1617746760046346241
1617757228794281985
1617764829892349952
1617862776046899202
1617870239760535553
1617886523063664641
1617930583505801224
1618423435964846081
1618424133347594240
1618542182117539842
1618542328389697539
1618548432167403520
1618554017730396163
1618567686174429184
1618677052806434816
1618830423236448256
1618834876064747520
1618844600894107648
1618845420557590530
1618845486580129792
1618983950336282624
1618988673227436033
1618991676781137921
1619066157964881921
1619099894391738368
1619180071893479424
1619202780224446467
1619305720683585538
1619399152651358210
1619654784725950464
1619687684951384065
1619774044869632001
1619775039435587588
1619778797368389633
1619832253449912321
1619856428969398272
1619924833621671937
1620003405958873092
1620227328566792192
1620346225886396421
1620346703831502848
1620664802241835008
1620674202293653504
1620684007473287169
1620711599593119744
1620849272018333696
1620952817803612160
1620953485851394049
1620954399475658753
1620955271974780929
1620957482465230848
1620958412438929409
1621310782666416128
1621311858329407488
1621312731034030080
1621314869487091712
1621403652991721472
1621425409157140484
1621561581690826752
1621574909116948480
1621591321067622402
1621741476412821504
1621743668045676546
1621744901338841088
1621746092449878016
1621750280693092352
1621750707388055552
1621750740724350977
1621751603970842624
1621755848568733696
1621771326494244865
1621797995678429184
1621798650778206208
1621799269496913920
1622048615672733697
1622519854560595969
1622565675922501632
1622893611955240961
1622953785713913857
1623465800836284416
1623471458696728581
1623472449961529346
1623707075300986880
1623709743264190464
1624643824692908032
1624646092510879745
1624648616446152706
1624648791034044416
1624649128771739648
1624659722954747906
1624853328155779078
1624860275831672834
1625010090326761472
1625058230807277568
1625118424694247424
1625734543016660992
1624520599656624129
1624521241901076485
1627514900703584256
1627522526527062016
1627529002029297664
1627529397296320513
1627563980154671105
1627566950267371520
1627573853823307776
1627574225199591425
1627606044070277120
1627606106720686080
1627608118292287488
1627635743697866752
1627639742312468482
1627654096378384384
1627655361410011136
1627655522840358912
1627861956634746884
1627864965053808640
1627934959846707200
1627953946789838848
1627985560920006657
1627985896279797761
1628003892641566720
1628004446310649856
1628007913032753157
1628008071048925184
1628047652691775488
1628269360111579137
1628283406114230272
1628283727582498816
1628333043961430016
1628335653841944578
1628640208425197569
1628652565088059392
1628680578613780480
1628680986346266624
1628717287233421316
1628786187233099780
1628786323128741888
1628786724317941762
1628786919470407684
1628795062472835073
1628795184044728320
1629272877060046850
1629272892595634178
1629272914330636289
1629335290530676736
1629341302524346368
1629402458689794050
1629454168845893633
1629468461100589056
1629758716751798272
1630026264705896448
1630026923303911425
1630027564344569856
1630032477103222784
1630033474861056000
1630035097461346304
1631048890504867843
1631542496814825473
1631590820678860800
1631676512029282307
1632102469072297986
1632283032207114251
1632285887995449345
1632414814692601856
1632556021049856005
1632560765424259072
1632629409751416835
1632641410230026240
1632641678623522816
1633423730654478337
1633657001749397505
1633659447934611457
1633664285078421505
1633664320792940544
1633911083202117632
1634528563344064512
1634531188034654209
1634539654916751363
1634620065864728581
1634683766235856896
1634746599263043584
1635151666445193217
1635154154497916928
1635154248769093640
1635168017276633088
1635253449913925632
1635253930849599489
1635259184194408453
1635260955562237952
1635263134352162817
1635336166865248257
1635366683052482560
1635462585616314368
1635474518184722432
1635477005226618887
1635511568556507136
1635566086815875073
1635745147181735948
1635797049512951808
1635798410837245953
1635817346664153095
1635891740640174081
1635904748774887426
1635973373384871936
1635976579624095745
1636360081670545411
1636360302207078402
1636370880241754112
1636377928140468227
1636418785006567427
1636576201102721027
1636599574197403648
1636635893149876226
1636729072788045824
1636766609984352256
1636767125640728577
1636984749553254400
1637021438090829825
1637022826472574976
1637022930097049600
1637035673621528576
1637058107233939456
1637061108992442368
1637061432104849408
1637205007891066882
1637210521941442561
1637872529342869504
1637924701573099520
1637925400537108480
1637925419323371522
1638013762165788672
1638017789326663681
1638044945520132096
1638093064064364544
1638094749335707648
1638174096126263303
1638240669256024064
1638250006443352064
1638276318944022547
1638288078056857606
1638496316635357185
1638515168941592581
1638525170330599424
1638564705341001730
1638565298990383104
1638565311057391616
1638565357861609474
1638565800150958081
1638565817280503808
1638694373612298240
1638694824638398465
1638977522862813204
1639137601226522626
1639150016693452801
1639159907168718850
1639159970733359104
1639160062311796737
1639161115199541250
1639170191790596096
1639179598956208129
1639257674704453634
1639347991990636544
1639472078574481408
1639703873286701056
1639705899932557312
1639766858822762503
1639796727753457667
1639796887795511296
1639829562258325504
1640367083598024706
1640438349252141057
1640728560267608067
1640730592303108096
1640733153290592262
1640733678484574215
1640733839935909892
1640924027014332417
1640924197797998592
1641206319397969921
1641206458531323907
1641207736296677376
1641213550248050689
1641214619329916929
1641214980564344833
1641331011186466816
1641527643592949760
1641638401534476293
1641682622626627584
1641775144657117185
1641842256020635657
1641842492587819009
1641843861730230273
1641843911789367296
1641848890776223750
1641863954535178261
1641874376877563905
1641881631232499712
1641905300813803520
1641920742576070658
1641931894211133442
1641931924611448835
1641968426985099264
1642044327445639168
1642052711259701248
1642271925807329280
1642363150442934274
1642366098359328770
1642386091146899457
1642386251453202432
1642386862714294276
1642387403498459139
1642389173641568257
1642390508629807104
1642391144947671043
1642391409058787328
1642392966391287808
1642401063419662336
1642404506716590081
1642407503333044224
1642442692985593857
1642683998026563587
1642874077491892226
1642936452525834251
1642965863111479296
1642974611460505604
1643151747874172930
1643375613665787907
1643383401980870658
1643456057425948672
1643456150652739584
1643514992803696644
1644101531111952384
1644101652398612481
1644228307607486464
1644804036896641024
1644808862627770368
1644825182161256448
1644835718345228288
1644835937266827272
1644836105416474624
1644905879475752960
1644947050709102592
1645279524341563392
1645279596139671552
1645279816734883841
1645693219554852864
1645875484411015169
1645877585795256321
1646006703572283399
1646010597840936960
1646010746344538112
1646011153129021441
1646122631043883009
1646131757320933377
1646133175196991488
1646135538792153089
1646135600570040320
1646136821154467843
1646192373062569990
1646560089539743744
1646566407684132865
1646747817753362433
1646748169055924224
1646751823666073600
1646753010209681409
1646928376093892609
1646928741275439104
1646932746030161921
1647078104823922690
1647103804893167616
1647225532344352770
1647227289950904320
1647276137628696578
1647438699347468288
1647526954575486976
1647527000519884800
1647633398964408323
1647707442921234434
1648048413408399362
1648049825445974017
1648052454364413952
1648053219787161601
1648149958296588296
1648237005309095937
1648241034030370816
1648259276589404161
1648380069210107904
1648411348370444288
1648424997789265920
1648520806639759361
1648623694338486273
1648701720887713793
1648703217771880449
1648726724874752002
1648733920442322944
1648768838614278187
1649308567747407875
1649308879073816576
1649355368361762816
1649476854321913860
1649477152012640283
1649649276077703168
1649774499267747841
1649777168883363841
1649801910659022849
1649804472330387457
1649804636268773378
1649805303737663488
1649821444442845185
1649870014605037568
1649947340558442496
1650001834134720514
1650055872289329153
1650059824422596609
1650060926119460865
1650111617710063621
1650111986506801153
1650260086818832386
1650262244846968835
1650561499893493763
1650561606991097856
1650561615300034561
1650561616940003328
1650573608186441729
1650574520711798805
1650574719639322631
1650575471719899141
1650575762586492956
1650625322914664448
1650626698029703168
1650642367748411392
1650682902362079232
1650684291280699392
1650685691016384512
1650690513169948672
1650812641500098560
1650874430711648259
1650950207087996932
1651032960978567168
1651034395397029890
1651034863351283713
1651035920840245249
1651323872484945922
1651327435076513795
1651355062633918465
