# 1283657064410017793 1664344489.385418
# 1283656034305769472 1664344547.444494
# 1283653858510598144 1664344620.706429
# 1283650008835743744 1664344670.144758
# 1283646922406760448 1664344842.620527
# 1363705980261855232 1664344873.094543
# 1409783149211443200 1664344919.224187
# 1409817096523968513 1664344939.072624
# 1409784760805650436 1664344961.913775
# 1409819816194576394 1664344974.898479
# 1409817941705515015 1664344996.702392
# 1536579341332516864 1664345001.30843
# 1536577295632441344 1664345016.625882
# 1536576325296996352 1664345032.000744
# 1536575088996524032 1664345045.383927
# 1397148959798226945 -1
# 1540204458042621952 1664345170.513925
# 1234752200145899520 1664345336.03517
# 1234753886520393729 1664345513.866462
# 1235180878449397764 1664345748.475805
# 1328275136575799297 1664345847.417006
# 1328277233492844544 1664346153.38431
# 1328277750000492545 1664346228.777408
# 1486629076005634049 1664346255.562165
# 1486633489101307907 1664346300.375388
# 1486636197908602880 1664346349.770673
# 1390637197167038464 1664346531.48698
# 1390620618001838086 1664346708.662696
# 1390209302120394754 1664346908.164574
# 1413339084076978179 1664347098.31715
# 1413318241804439552 1664347148.634921
# 1413326894435602434 1664347258.397339
# 1437952405283426310 1664347402.436492
# 1437963160544284675 1664347556.027124
# 1437959162651156484 1664347764.128131
# 1437961007029227520 1664347963.256051
# 1465851881180348425 1664348015.851514
# 1465850835951357955 1664348090.015377
# 1465851188562345985 1664348141.651619
# 1465851243167895554 1664348217.54261
# 1465858739970273281 1664348250.297669
# 1490867613915828224 1664348286.517718
# 1491195742123397124 1664348338.923129
# 1492604168145539072 1664348467.913091
# 1493392149664219138 1664348548.797566
# 1493394108014292993 1664348567.365132
# 1545351225293426688 1664348602.592192
# 1545352592884084736 1664348614.929205
# 1545354510515654656 1664348639.508903
# 1545552756773208066 1664348663.712282
# 1545562635650957312 1664348673.912508
# 1546328834559340544 1664348703.223831
# 1507066475638673422 1664348709.378359
# 1506863869901168642 1664348711.638345
# 1214737620749578240 1664348731.025378
# 1165866976192823297 1664349053.894626
# 1165866977472024576 1664349262.325079
# 1165866977715347456 1664349656.243963
# 1205742630467801088 1664349849.238834
# 1205743596785127424 1664350176.676804
# 1205744131294654466 1664350296.492325
# 1205744430386315265 1664350633.261558
# 1237600624646078464 1664350828.802447
# 1237603606448058371 1664350979.328163
# 1237613895675596800 1664351433.58534
# 1290243278814683137 1664351534.743952
# 1290243331629318144 1664351687.473423
# 1290243510193369089 1664351856.258976
# 1323147415168323586 1664351965.114836
# 1323147843398324225 1664352019.889442
# 1323147856828510208 1664352193.249363
# 1414845791944937476 1664352310.485566
# 1414845844692504611 1664352353.966641
# 1414849131655450626 1664352505.157937
# 1405494022446010375 1664352529.72794
# 1152523848060850177 1664352543.082985

1392498434620461063 1390620618001838086 1620832472.0 r 1328277233492844544
1392499031478128651 1328277233492844544 1620832615.0 r 1390620618001838086
1392499314979753988 1390637197167038464 1620832682.0 r 1328277233492844544
1392499721818710016 1328277233492844544 1620832779.0 r 1390620618001838086
1392500044440301577 1328277233492844544 1620832856.0 r 1390637197167038464
1392500200216879108 1390620618001838086 1620832893.0 r 1328277233492844544
1392500232181612550 1328277233492844544 1620832901.0 r 1390209302120394754
1392500422560993280 1390209302120394754 1620832946.0 r 1328277233492844544
1392500439417909249 1328277233492844544 1620832950.0 r 1390620618001838086
1392500842381692934 1390637197167038464 1620833046.0 r 1328277233492844544
1392502069802717185 1390620618001838086 1620833339.0 r 1328277233492844544
1392506582190084099 1235180878449397764 1620834415.0 r 1390209302120394754
1392508859005038597 1390209302120394754 1620834958.0 r 1235180878449397764
1392509840241565706 1328277233492844544 1620835192.0 r 1390637197167038464
1392514447034380290 1328277233492844544 1620836290.0 r 1390620618001838086
1392668767268782084 1390620618001838086 1620873083.0 r 1328277233492844544
1392669847645921280 1328277233492844544 1620873340.0 r 1390620618001838086
1392872144275656709 1390637197167038464 1620921572.0 r 1328277233492844544
1393217500993654797 1328277233492844544 1621003911.0 r 1390637197167038464
1393218917661880320 1390637197167038464 1621004249.0 r 1328277233492844544
1393221102751596548 1390637197167038464 1621004770.0 r 1235180878449397764
1393241526050988036 1390637197167038464 1621009639.0 m 1328277233492844544 r 1317313010751295491
1394128061776502786 1390637197167038464 1621221006.0 r 1328277233492844544
1394130857862959108 1328277233492844544 1621221672.0 r 1390637197167038464
1394149076782895106 1328277233492844544 1621226016.0 r 1390637197167038464
1394149345738506240 1390637197167038464 1621226080.0 r 1328277233492844544
1394153099229597697 1390620618001838086 1621226975.0 r 1328277233492844544
1394885763490324485 1390620618001838086 1621401656.0 r 1328277233492844544
1394886589654863875 1328277233492844544 1621401853.0 r 1390620618001838086
1394993371182211076 1390637197167038464 1621427312.0 r 1328277233492844544
1395017721935392777 1328277233492844544 1621433117.0 r 1390637197167038464
1395086304287858689 1390637197167038464 1621449469.0 r 1283653858510598144
1395086356574097411 1390620618001838086 1621449481.0 r 1283653858510598144
1395453335868743691 1390637197167038464 1621536976.0 r 1283656034305769472
1395673752373895169 1390209302120394754 1621589527.0 r 1328277233492844544
1396863607124733952 1390637197167038464 1621873211.0 r 1328277233492844544
1396863832421634060 1328277233492844544 1621873264.0 r 1390637197167038464
1397666228303507461 1390637197167038464 1622064570.0 r 1283653858510598144
1397667774219042821 1390620618001838086 1622064939.0 r 1283653858510598144
1398076426180456449 1390209302120394754 1622162369.0 r 1283653858510598144
1398327133655732228 1390620618001838086 1622222142.0 r 1328277233492844544
1398328126925533185 1328277233492844544 1622222379.0 r 1390620618001838086
1398329612699058179 1390637197167038464 1622222734.0 r 1328277233492844544
1398330004837048320 1328277233492844544 1622222827.0 r 1390637197167038464
1398331702368407553 1390637197167038464 1622223232.0 r 1328277233492844544
1398348012548616195 1390209302120394754 1622227120.0 r 1328277233492844544
1398513913289871361 1328277233492844544 1622266674.0 r 1390620618001838086
1399026596996993034 1390209302120394754 1622388908.0 r 1283653858510598144
1399961333781569537 1390209302120394754 1622611766.0 r 1328277233492844544
1400097959996428290 1390637197167038464 1622644340.0 r 1283653858510598144
1400100373776388108 1283653858510598144 1622644916.0 r 1390637197167038464
1400526700618739715 1328277233492844544 1622746560.0 r 1390620618001838086
1400680089717809154 1390620618001838086 1622783131.0 r 1328277233492844544
1400864593719746562 1390637197167038464 1622827120.0 r 1283646922406760448
1400876827258855426 1283646922406760448 1622830037.0 r 1390637197167038464
1400882558754246668 1390637197167038464 1622831403.0 r 1283646922406760448
1400926770849746947 1390209302120394754 1622841944.0 r 1328277233492844544
1400948062927917056 1390620618001838086 1622847021.0 r 1283646922406760448
1400967481880039424 1328277233492844544 1622851651.0 r 1390209302120394754
1401396704721653762 1390620618001838086 1622953985.0 r 1283656034305769472
1401409065092141058 1390209302120394754 1622956932.0 r 1283656034305769472
1403062196062490626 1390209302120394754 1623351069.0 r 1283646922406760448
1405568101266120708 1390620618001838086 1623948524.0 r 1328277233492844544
1405569022066782210 1328277233492844544 1623948743.0 r 1390620618001838086
1409975034941251586 1390637197167038464 1624999219.0 r 1283656034305769472
1410083117319262211 1390637197167038464 1625024987.0 r 1328277233492844544
1410086066934083587 1328277233492844544 1625025691.0 r 1390637197167038464
1410212724391518208 1390637197167038464 1625055888.0 r 1328277233492844544
1410994770604957703 1390637197167038464 1625242342.0 r 1283653858510598144
1413542506441187336 1283646922406760448 1625849770.0 r 1390620618001838086
1413562401518141442 1390637197167038464 1625854513.0 m 1390620618001838086 r 1283646922406760448
1413645247251423243 1390620618001838086 1625874265.0 r 1283646922406760448
1414684778490650632 1283646922406760448 1626122109.0 r 1390637197167038464
1414685608707043334 1390637197167038464 1626122307.0 r 1283646922406760448
1414968067071877124 1390637197167038464 1626189650.0 r 1328277233492844544
1414969539993899008 1328277233492844544 1626190001.0 r 1390637197167038464
1414972012171251713 1390637197167038464 1626190591.0 r 1328277233492844544
1415502066789781505 1390620618001838086 1626316966.0 r 1235180878449397764
1415502506684190720 1390209302120394754 1626317071.0 r 1235180878449397764
1415506819238154244 1235180878449397764 1626318099.0 r 1390620618001838086
1415507439391150083 1235180878449397764 1626318247.0 r 1390209302120394754
1415508048098041857 1390209302120394754 1626318392.0 r 1235180878449397764
1415511038196211717 1235180878449397764 1626319105.0 r 1390209302120394754
1415518652472909833 1390209302120394754 1626320920.0 r 1235180878449397764
1417443183689039874 1328277233492844544 1626779764.0 r 1390620618001838086
1417945088559222788 1413318241804439552 1626899427.0 r 1328277233492844544
1418053738640691203 1390209302120394754 1626925332.0 r 1235180878449397764
1418057491213012993 1235180878449397764 1626926226.0 r 1390209302120394754
1418380001204965382 1283646922406760448 1627003119.0 r 1390637197167038464
1418586479345999874 1390637197167038464 1627052347.0 r 1283646922406760448
1418627730191491072 1328277750000492545 1627062182.0 r 1390637197167038464
1418629400690450432 1328277233492844544 1627062580.0 r 1390637197167038464
1418634660138131456 1390637197167038464 1627063834.0 r 1328277750000492545
1418634737367855111 1390637197167038464 1627063853.0 r 1328277233492844544
1419059449382281218 1390209302120394754 1627165112.0 m 777487884 1442894217164963842 1049054859520090113 762107568244330496 1328277233492844544 r 1181015512408457216
1419806052430893057 1390637197167038464 1627343116.0 r 1283646922406760448
1419851570791936003 1328277233492844544 1627353968.0 r 1413318241804439552
1419879898655563778 1413318241804439552 1627360722.0 r 1328277233492844544
1419880286637101058 1328277233492844544 1627360815.0 r 1413318241804439552
1420072555600392194 1283646922406760448 1627406655.0 r 1390637197167038464
1420096413061599235 1390637197167038464 1627412343.0 r 1283646922406760448
1420448147373920260 1328277233492844544 1627496203.0 r 1390637197167038464
1420885470804860938 1283646922406760448 1627600469.0 r 1390637197167038464
1420890032072708100 1390637197167038464 1627601557.0 r 1283646922406760448
1421336659782782980 1390637197167038464 1627708041.0 r 1328277750000492545
1422018630611607553 1390209302120394754 1627870636.0 r 1283653858510598144
1422031214806925316 1283653858510598144 1627873636.0 r 1390209302120394754
1423019136691621898 1390209302120394754 1628109175.0 r 1283650008835743744
1424421743276527620 1413326894435602434 1628443582.0 r 1328277233492844544
1424422679516311552 1328277233492844544 1628443805.0 r 1413326894435602434
1424960958477205510 1328277233492844544 1628572141.0 r 1413318241804439552
1424964240385921036 1413318241804439552 1628572924.0 r 1328277233492844544
1424965832858247174 1328277233492844544 1628573303.0 r 1413318241804439552
1424966754808344577 1413318241804439552 1628573523.0 r 1328277233492844544
1425146117935845388 1413318241804439552 1628616287.0 r 1328277233492844544
1425146722641059841 1328277233492844544 1628616431.0 r 1413318241804439552
1425153372366295042 1390637197167038464 1628618016.0 r 1328277233492844544
1425871620736905219 1328277233492844544 1628789260.0 r 1390637197167038464
1425873427706093571 1390637197167038464 1628789691.0 r 1328277233492844544
1427291764495462402 1390620618001838086 1629127849.0 r 1328277233492844544
1427291871940734978 1328277233492844544 1629127874.0 r 1390620618001838086
1427417313154830338 1283646922406760448 1629157782.0 r 1390637197167038464
1427420018040623105 1390637197167038464 1629158427.0 r 1283646922406760448
1427712197346701314 1390637197167038464 1629228088.0 r 1283646922406760448
1428210248129650693 1413326894435602434 1629346832.0 r 1328277233492844544
1428211914098675717 1328277233492844544 1629347229.0 r 1413326894435602434
1428436854609793031 1413318241804439552 1629400859.0 r 1328277233492844544
1428805620447301635 1390637197167038464 1629488780.0 r 1283656034305769472
1428808007052414979 1390637197167038464 1629489349.0 r 1409784760805650436
1428809934121037824 1409784760805650436 1629489808.0 r 1390637197167038464
1428810997322723331 1390637197167038464 1629490062.0 r 1409784760805650436
1428820040942460932 1234752200145899520 1629492218.0 r 1390637197167038464
1428820551334699009 1234752200145899520 1629492340.0 r 1390620618001838086
1428821169042505736 1390637197167038464 1629492487.0 r 1234752200145899520
1428821704822960130 1390620618001838086 1629492615.0 r 1234752200145899520
1428821848850980864 1234752200145899520 1629492649.0 r 1390637197167038464
1428915861868318725 1413339084076978179 1629515064.0 r 1409784760805650436
1429139188109103106 1409784760805650436 1629568309.0 r 1413339084076978179
1429357933939150851 1234752200145899520 1629620462.0 r 1413339084076978179
1429539433745891340 1390620618001838086 1629663735.0 r 1409784760805650436
1429545625998303243 1390209302120394754 1629665211.0 r 1409784760805650436
1429553037375275010 1409784760805650436 1629666978.0 r 1390209302120394754
1429553192115654660 1409784760805650436 1629667015.0 r 1390620618001838086
1429566953602043906 1413326894435602434 1629670296.0 r 1409784760805650436
1429821972502835202 1234752200145899520 1629731097.0 r 1390620618001838086
1429823329658052610 1328277233492844544 1629731421.0 r 1390637197167038464
1429827361068003334 1390637197167038464 1629732382.0 r 1328277233492844544
1429838997832929281 1234752200145899520 1629735156.0 r 1390637197167038464
1429839725762777090 1234752200145899520 1629735330.0 r 1390209302120394754
1429841039595085831 1390637197167038464 1629735643.0 r 1234752200145899520
1429841530055843841 1234752200145899520 1629735760.0 r 1390637197167038464
1429843403299229697 1390637197167038464 1629736207.0 r 1234752200145899520
1429853008884506624 1234752200145899520 1629738497.0 r 1390637197167038464
1429868855871119368 1390637197167038464 1629742275.0 r 1234752200145899520
1429878700682747907 1390209302120394754 1629744622.0 r 1234752200145899520
1430358570386608132 1235180878449397764 1629859032.0 r 1390209302120394754
1430358716918878212 1235180878449397764 1629859067.0 r 1390209302120394754
1430363286705295361 1234753886520393729 1629860157.0 r 1390209302120394754
1430369752011218948 1390209302120394754 1629861698.0 r 1235180878449397764
1430369820030251008 1390209302120394754 1629861714.0 r 1234753886520393729
1430427743628537859 1390620618001838086 1629875524.0 r 1234752200145899520
1430428219044294657 1234752200145899520 1629875638.0 r 1390620618001838086
1430431944190271490 1234752200145899520 1629876526.0 r 1390620618001838086
1430432695088209922 1390620618001838086 1629876705.0 r 1234752200145899520
1430433052879036421 1234752200145899520 1629876790.0 r 1390620618001838086
1430433760131133442 1390620618001838086 1629876959.0 r 1234752200145899520
1430434121155706882 1234752200145899520 1629877045.0 r 1390620618001838086
1430482670157393924 1235180878449397764 1629888620.0 r 1413339084076978179
1430530034016555009 1413339084076978179 1629899912.0 r 1235180878449397764
1430563514741968903 1234752200145899520 1629907895.0 r 1413339084076978179
1430628192033837062 1390637197167038464 1629923315.0 r 1283646922406760448
1430635964490162177 1234752200145899520 1629925168.0 r 1390209302120394754
1430745543458787329 1413339084076978179 1629951294.0 r 1234752200145899520
1430769976453959681 1234752200145899520 1629957119.0 r 1413339084076978179
1430770231031468034 1234752200145899520 1629957180.0 r 1390620618001838086
1430806821883695107 1413339084076978179 1629965904.0 r 1234752200145899520
1430890275455471622 1390637197167038464 1629985800.0 r 1235180878449397764
1430901268038311936 1234752200145899520 1629988421.0 r 1390620618001838086
1430902295747710976 1390620618001838086 1629988666.0 r 1234752200145899520
1430907791342854150 1234752200145899520 1629989977.0 r 1390620618001838086
1430935786271219713 1390209302120394754 1629996651.0 r 1283653858510598144
1430938775987707906 1234752200145899520 1629997364.0 r 1390209302120394754
1430941346429288459 1390209302120394754 1629997977.0 r 1234752200145899520
1430941739754299392 1234752200145899520 1629998071.0 r 1390209302120394754
1430947995101503489 1234752200145899520 1629999562.0 r 1390637197167038464
1430951957796212741 1390637197167038464 1630000507.0 r 1234752200145899520
1431049288381915138 1283653858510598144 1630023712.0 r 1390209302120394754
1431309312136122370 1413339084076978179 1630085707.0 r 1235180878449397764
1431658163300757513 1328277233492844544 1630168879.0 r 1390637197167038464
1431661788060258307 1234752200145899520 1630169743.0 r 1390209302120394754
1431692828518883339 1390637197167038464 1630177144.0 r 1328277233492844544
1431903409490182146 1234752200145899520 1630227350.0 r 1390620618001838086
1432238700553859073 1413339084076978179 1630307290.0 r 1234752200145899520
1432317233452044304 1234752200145899520 1630326014.0 r 1390637197167038464
1432318296209113090 1390637197167038464 1630326267.0 r 1234752200145899520
1432318470994104328 1234752200145899520 1630326309.0 r 1390637197167038464
1432527039999795202 1234752200145899520 1630376036.0 r 1390620618001838086
1432527353926729731 1234752200145899520 1630376110.0 r 1390620618001838086
1432584527965212676 1390209302120394754 1630389742.0 r 1283653858510598144
1432688320975409155 1390637197167038464 1630414488.0 r 1234752200145899520
1432711413982715912 1234752200145899520 1630419994.0 r 1390637197167038464
1432948564661919749 1234752200145899520 1630476535.0 r 1390620618001838086
1432948612825190406 1234752200145899520 1630476546.0 r 1390209302120394754
1432949083468091397 1390620618001838086 1630476659.0 r 1234752200145899520
1432950809268916227 1234752200145899520 1630477070.0 r 1390620618001838086
1432951672175800323 1390620618001838086 1630477276.0 r 1234752200145899520
1433050035059499008 1234752200145899520 1630500727.0 r 1390637197167038464
1433070947284697092 1390637197167038464 1630505713.0 r 1234752200145899520
1433077946130960391 1234752200145899520 1630507382.0 r 1390637197167038464
1433112419467816960 1234752200145899520 1630515601.0 r 1390620618001838086
1433115359121338368 1413339084076978179 1630516302.0 r 1234752200145899520
1433116794428948484 1234752200145899520 1630516644.0 r 1413339084076978179
1433118871435636736 1234752200145899520 1630517139.0 r 1413339084076978179
1433119112390193153 1390620618001838086 1630517197.0 r 1234752200145899520
1433119851153747968 1413339084076978179 1630517373.0 r 1234752200145899520
1433120083715313664 1234752200145899520 1630517428.0 r 1390620618001838086
1433120860781514753 1234752200145899520 1630517613.0 r 1413339084076978179
1433120940011917312 1234752200145899520 1630517632.0 m 1413339084076978179 r 1390637197167038464
1433123504971452417 1390637197167038464 1630518244.0 m 1413339084076978179 r 1234752200145899520
1433151327077609477 1390620618001838086 1630524877.0 r 1234752200145899520
1433238723617951748 1234752200145899520 1630545714.0 r 1390620618001838086
1433242064154607623 1234752200145899520 1630546511.0 m 1413339084076978179 r 1390637197167038464
1433354769494523905 1234752200145899520 1630573382.0 r 1390209302120394754
1433354877443317768 1234752200145899520 1630573407.0 r 1390209302120394754
1433358008726089736 1234752200145899520 1630574154.0 r 1390209302120394754
1433370754427539458 1390209302120394754 1630577193.0 r 1234752200145899520
1433407854199721986 1234752200145899520 1630586038.0 r 1390637197167038464
1433412605830434817 1390637197167038464 1630587171.0 r 1234752200145899520
1433457396932755456 1234752200145899520 1630597850.0 r 1413326894435602434
1433457531595153413 1413326894435602434 1630597882.0 r 1234752200145899520
1433457876069064704 1234752200145899520 1630597964.0 r 1413326894435602434
1433520798158016514 1390620618001838086 1630612966.0 r 1234753886520393729
1433520940344741904 1234753886520393729 1630613000.0 r 1390620618001838086
1433521049904234501 1390620618001838086 1630613026.0 r 1234753886520393729
1433521343882924032 1234753886520393729 1630613096.0 r 1390620618001838086
1433536589766926345 1234753886520393729 1630616731.0 r 1390637197167038464
1433536844239491076 1234753886520393729 1630616792.0 r 1390637197167038464
1433537049521446921 1390637197167038464 1630616841.0 r 1234753886520393729
1433537498223874048 1390637197167038464 1630616948.0 r 1234753886520393729
1433538362938322947 1234753886520393729 1630617154.0 r 1390637197167038464
1433572264721661952 1390637197167038464 1630625237.0 r 1234753886520393729
1433609603019730954 1234752200145899520 1630634139.0 r 1390637197167038464
1433615192605093888 1234752200145899520 1630635471.0 r 1390620618001838086
1433662735418462213 1234752200145899520 1630646806.0 r 1390637197167038464
1433678166401245190 1413339084076978179 1630650485.0 r 1234752200145899520
1433774732697128964 1390637197167038464 1630673509.0 r 1234752200145899520
1433850123235250179 1390620618001838086 1630691483.0 r 1234753886520393729
1434181257575948306 1390620618001838086 1630770432.0 r 1235180878449397764
1434197938285146114 1235180878449397764 1630774409.0 r 1390620618001838086
1434552802878148611 1390620618001838086 1630859015.0 r 1234752200145899520
1434553059539963910 1234752200145899520 1630859076.0 r 1390620618001838086
1434765161219383298 1390209302120394754 1630909645.0 r 1409783149211443200
1434780249976283137 1234752200145899520 1630913243.0 r 1390209302120394754
1434783445683773440 1390209302120394754 1630914005.0 r 1234752200145899520
1435206114610720768 1390209302120394754 1631014777.0 r 1234752200145899520
1435206466823094275 1234752200145899520 1631014861.0 r 1390209302120394754
1435240395978334209 1413339084076978179 1631022950.0 r 1234752200145899520
1435700233363669001 1390620618001838086 1631132584.0 r 1328275136575799297
1435702298643206151 1390620618001838086 1631133076.0 r 1283646922406760448
1435706247488102403 1283646922406760448 1631134018.0 r 1390620618001838086
1435716795797852161 1413326894435602434 1631136533.0 r 1409784760805650436
1435719266284695553 1409784760805650436 1631137122.0 r 1413326894435602434
1435850106322911235 1328275136575799297 1631168316.0 r 1390620618001838086
1435850183636656129 1390209302120394754 1631168335.0 r 1328275136575799297
1435850489376038918 1328275136575799297 1631168408.0 r 1390209302120394754
1436307947211182084 1390637197167038464 1631277474.0 r 1328277233492844544
1436385698278363141 1328277233492844544 1631296011.0 r 1390637197167038464
1436747331337027586 1234752200145899520 1631382231.0 r 1390209302120394754
1437267913573117953 1390637197167038464 1631506348.0 r 1283646922406760448
1437268242670706688 1283646922406760448 1631506426.0 r 1390637197167038464
1437268463555317764 1390637197167038464 1631506479.0 r 1283646922406760448
1437269258938032129 1283646922406760448 1631506669.0 r 1390637197167038464
1437269580515323914 1390637197167038464 1631506745.0 r 1283646922406760448
1437269717899689985 1283646922406760448 1631506778.0 r 1390637197167038464
1437270025635831808 1390637197167038464 1631506851.0 r 1283646922406760448
1437315657171968003 1390620618001838086 1631517731.0 r 1328277233492844544
1437369336142843904 1328277233492844544 1631530529.0 r 1390620618001838086
1437453788697096192 1328277233492844544 1631550664.0 m 1290243278814683137 1384391383545368577 r 1413318241804439552
1437949445765742601 1390620618001838086 1631668838.0 r 1409783149211443200
1437954151992860675 1409783149211443200 1631669960.0 r 1390620618001838086
1438325452435767298 1390209302120394754 1631758485.0 m 1235180878449397764 r 2281401692
1438362672773222400 1328277233492844544 1631767359.0 r 1413326894435602434
1438379649848025090 1413326894435602434 1631771406.0 r 1328277233492844544
1438849098791194624 1390637197167038464 1631883332.0 r 1234752200145899520
1439134717803065344 1234752200145899520 1631951429.0 r 1390620618001838086
1439134914473988096 1234752200145899520 1631951476.0 r 1390620618001838086
1439135060448485377 1390620618001838086 1631951510.0 r 1234752200145899520
1439161782162001922 1234752200145899520 1631957881.0 r 1390620618001838086
1439162651788017665 1234752200145899520 1631958089.0 r 1413318241804439552
1439937165543178240 1234752200145899520 1632142747.0 r 1390209302120394754
1440673241270390785 1413326894435602434 1632318241.0 r 1328277233492844544
1440912691242045444 1234752200145899520 1632375331.0 r 1390620618001838086
1440912765544239111 1390620618001838086 1632375348.0 r 1234752200145899520
1440913480551329799 1234752200145899520 1632375519.0 r 1390620618001838086
1442718888865632256 1390620618001838086 1632805962.0 r 1234752200145899520
1442719353086955520 1234752200145899520 1632806072.0 r 1390620618001838086
1442762126184140801 1390620618001838086 1632816270.0 r 1234752200145899520
1442762392782315527 1234752200145899520 1632816334.0 r 1390620618001838086
1442764057254236160 1390620618001838086 1632816731.0 r 1234752200145899520
1442764187399180291 1234752200145899520 1632816762.0 r 1390620618001838086
1446083918000709632 1437952405283426310 1633608247.0 r 1234753886520393729
1446089048037081091 1234752200145899520 1633609470.0 r 1390209302120394754
1446089255097405444 1390209302120394754 1633609520.0 r 1234752200145899520
1446089509267914759 1234752200145899520 1633609580.0 r 1390209302120394754
1446095346308837377 1234753886520393729 1633610972.0 r 1437952405283426310
1446251659793879040 1409784760805650436 1633648240.0 r 1390637197167038464
1446266844256604163 1437952405283426310 1633651860.0 r 1409783149211443200
1446282322135945220 1437952405283426310 1633655550.0 r 1235180878449397764
1446289291261452289 1437952405283426310 1633657212.0 r 1234753886520393729
1446308829218607104 1390637197167038464 1633661870.0 r 1409784760805650436
1446375871963672593 1437952405283426310 1633677854.0 r 1234752200145899520
1446397952809848835 1234752200145899520 1633683119.0 r 1437952405283426310
1446398666302971926 1437952405283426310 1633683289.0 r 1328275136575799297
1446699043988520960 1234753886520393729 1633754905.0 r 1437952405283426310
1446699326843985925 1234753886520393729 1633754972.0 r 1390620618001838086
1446699776649711617 1390209302120394754 1633755079.0 m 1390620618001838086 r 1234753886520393729
1446701773050322944 1437952405283426310 1633755555.0 r 1234753886520393729
1446991643396255751 1437952405283426310 1633824666.0 r 1234753886520393729
1446995900786569216 1234753886520393729 1633825681.0 r 1437952405283426310
1446996140164096001 1437952405283426310 1633825738.0 r 1234753886520393729
1447021631482867712 1437952405283426310 1633831815.0 r 1235180878449397764
1447313440381493250 1390637197167038464 1633901388.0 m 940478415110488064 r 1283646922406760448
1447318371012329477 1283646922406760448 1633902564.0 m 1390637197167038464 r 1349946099537235971
1447325050445705220 1437952405283426310 1633904156.0 m 798860390 r 1363705980261855232
1447372602071212032 1390637197167038464 1633915493.0 m 1349946099537235971 r 1283646922406760448
1447475333989421060 1328277750000492545 1633939987.0 r 1437952405283426310
1447476225857949698 1437952405283426310 1633940199.0 r 1328277750000492545
1447647647620272128 1437952405283426310 1633981069.0 m 1328275136575799297 r 1290243510193369089
1447972860715102208 1413339084076978179 1634058606.0 r 1328277233492844544
1447976781143756801 1390637197167038464 1634059541.0 r 1328277233492844544
1447976941152350210 1390620618001838086 1634059579.0 r 1328277233492844544
1447986639301529602 1328277233492844544 1634061891.0 r 1413339084076978179
1447988461701672961 1413326894435602434 1634062326.0 r 1328277233492844544
1447989480099495941 1328277233492844544 1634062569.0 r 1390637197167038464
1447989864054489089 1328277233492844544 1634062660.0 r 1390620618001838086
1447993966473801732 1328277233492844544 1634063638.0 r 1413326894435602434
1448518254859886593 1437952405283426310 1634188638.0 r 1234753886520393729
1448543166227828741 1234753886520393729 1634194578.0 r 1437952405283426310
1448544022717476865 1437952405283426310 1634194782.0 r 1234753886520393729
1448545011843301387 1328277233492844544 1634195018.0 r 1390637197167038464
1448557140587651076 1234753886520393729 1634197909.0 r 1437952405283426310
1448597887273734145 1234753886520393729 1634207624.0 m 1437952405283426310 r 1346828641989103617
1448904644873306114 1390209302120394754 1634280761.0 r 1328277233492844544
1448904926835494926 1390209302120394754 1634280828.0 r 1328277233492844544
1448918288965124098 1328277233492844544 1634284014.0 r 1390209302120394754
1449224630082826247 1328277233492844544 1634357051.0 r 1390620618001838086
1449343421219442690 1409783149211443200 1634385373.0 r 1390620618001838086
1449422053090660356 1390620618001838086 1634404121.0 r 1409783149211443200
1449427870410059786 1390620618001838086 1634405508.0 r 1328277233492844544
1449537803684040705 1437952405283426310 1634431718.0 r 1234753886520393729
1449931091280863233 1437952405283426310 1634525485.0 r 1235180878449397764
1450089512298860547 1437952405283426310 1634563255.0 r 1234753886520393729
1450497623543009285 1235180878449397764 1634660557.0 r 1413339084076978179
1450498114083713024 1413339084076978179 1634660674.0 r 1235180878449397764
1450498599691816960 1235180878449397764 1634660789.0 r 1413339084076978179
1450499675929264137 1413339084076978179 1634661046.0 r 1235180878449397764
1450511407737237511 1413339084076978179 1634663843.0 r 1235180878449397764
1450512754368974848 1413326894435602434 1634664164.0 m 1235180878449397764 r 1413339084076978179
1450513261376393216 1413339084076978179 1634664285.0 m 1235180878449397764 r 1413326894435602434
1450581102884700168 1437952405283426310 1634680460.0 r 1234752200145899520
1450604660625186816 1283646922406760448 1634686076.0 r 1390637197167038464
1450604699883814915 1283646922406760448 1634686086.0 r 1390637197167038464
1450613898722304000 1390637197167038464 1634688279.0 r 1283646922406760448
1450641416200228877 1235180878449397764 1634694839.0 m 1413326894435602434 r 1413339084076978179
1450676369130541058 1234752200145899520 1634703173.0 r 1437952405283426310
1450701105227255813 1437952405283426310 1634709070.0 r 1234752200145899520
1450743279683870721 1437952405283426310 1634719126.0 r 1235180878449397764
1450743930249613318 1235180878449397764 1634719281.0 r 1437952405283426310
1450799547358216194 1234753886520393729 1634732541.0 r 1437952405283426310
1450855205839331331 1413339084076978179 1634745811.0 m 1413326894435602434 r 1235180878449397764
1450991322769367044 1437952405283426310 1634778264.0 r 1234753886520393729
1451054218417262594 1437952405283426310 1634793259.0 r 1234753886520393729
1451152929881313280 1437961007029227520 1634816794.0 r 1328277233492844544
1452000309182619650 1437952405283426310 1635018825.0 r 1409784760805650436
1452020423093149701 1409784760805650436 1635023620.0 r 1437952405283426310
1452472533891043329 1390637197167038464 1635131412.0 r 1283646922406760448
1452476842611515395 1390637197167038464 1635132439.0 r 1283646922406760448
1452477416811728899 1283646922406760448 1635132576.0 r 1390637197167038464
1452480136515932164 1390637197167038464 1635133224.0 r 1283646922406760448
1452489316727341056 1235180878449397764 1635135413.0 r 1413339084076978179
1452511157051215872 1413339084076978179 1635140620.0 r 1235180878449397764
1453450128300384262 1283646922406760448 1635364489.0 r 1390637197167038464
1453494703660453896 1390637197167038464 1635375116.0 r 1283646922406760448
1453773365290885121 1390209302120394754 1635441554.0 r 1283653858510598144
1454197800225415173 1437961007029227520 1635542747.0 r 1409817096523968513
1454204180990599171 1409817096523968513 1635544269.0 r 1437961007029227520
1454865843863658498 1390209302120394754 1635702021.0 r 1283646922406760448
1454865962587631621 1283646922406760448 1635702050.0 r 1390209302120394754
1454881378546372611 1437961007029227520 1635705725.0 r 1283653858510598144
1454883449018335237 1283653858510598144 1635706219.0 r 1437961007029227520
1454884127153459203 1437961007029227520 1635706381.0 r 1283653858510598144
1455070751921377281 1234752200145899520 1635750875.0 r 1390620618001838086
1455253772255571968 1390620618001838086 1635794511.0 r 1328277233492844544
1455253870787981312 1328277233492844544 1635794534.0 r 1390620618001838086
1455399612580253698 1390620618001838086 1635829282.0 r 1234752200145899520
1455774098911547395 1437952405283426310 1635918566.0 r 1234752200145899520
1455922351682453508 1328275136575799297 1635953913.0 r 1437952405283426310
1455924484985212928 1390637197167038464 1635954421.0 m 1437952405283426310 r 1328275136575799297
1456139132971986945 1437952405283426310 1636005597.0 r 1235180878449397764
1456287276405755908 1437952405283426310 1636040917.0 r 1234752200145899520
1456288051689246720 1234752200145899520 1636041102.0 r 1437952405283426310
1456290031572819972 1390620618001838086 1636041574.0 r 1234752200145899520
1456291227511361546 1234752200145899520 1636041859.0 r 1390620618001838086
1457510234260443138 1437952405283426310 1636332493.0 r 1234752200145899520
1457569478221336585 1328277750000492545 1636346618.0 r 1390637197167038464
1457778829519249412 1390637197167038464 1636396531.0 r 1328277750000492545
1458578892415979523 1437952405283426310 1636587281.0 r 1283653858510598144
1458580320882774021 1437952405283426310 1636587622.0 r 1234753886520393729
1458929019886477319 1437961007029227520 1636670758.0 r 1409819816194576394
1459015369515933696 1328277233492844544 1636691345.0 r 1390637197167038464
1459038426326568960 1390637197167038464 1636696843.0 r 1328277233492844544
1459430026508648450 1390620618001838086 1636790207.0 r 1328277233492844544
1459430123560595456 1328277233492844544 1636790231.0 r 1390620618001838086
1459520226559733768 1437952405283426310 1636811713.0 r 1283653858510598144
1459524999048404995 1283653858510598144 1636812851.0 r 1437952405283426310
1460069288979714053 1437952405283426310 1636942619.0 r 1409783149211443200
1460155267765751809 1437952405283426310 1636963118.0 r 1234753886520393729
1460156597846503425 1234753886520393729 1636963435.0 r 1437952405283426310
1460162458606313472 1437952405283426310 1636964833.0 r 1234753886520393729
1460163951887478787 1234753886520393729 1636965189.0 r 1437952405283426310
1460178943340957702 1437952405283426310 1636968763.0 r 1234753886520393729
1460755640331214853 1437961007029227520 1637106258.0 r 1283646922406760448
1460807239850086401 1235180878449397764 1637118561.0 r 1437961007029227520
1460863426960498690 1437961007029227520 1637131957.0 r 1235180878449397764
1460931785265664000 1437961007029227520 1637148255.0 r 1283646922406760448
1461682844091269120 1283646922406760448 1637327321.0 r 1390637197167038464
1461695366940741642 1390637197167038464 1637330307.0 r 1283646922406760448
1462118906198327300 1413339084076978179 1637431286.0 r 1328277233492844544
1462333984570970117 1328275136575799297 1637482565.0 r 1437952405283426310
1462649655402156034 1437952405283426310 1637557827.0 r 1234752200145899520
1462650378051145733 1234752200145899520 1637557999.0 r 1437952405283426310
1462667122346274825 1437952405283426310 1637561991.0 r 1234752200145899520
1462675768362864642 1390620618001838086 1637564053.0 r 1328277233492844544
1462675958012559366 1413326894435602434 1637564098.0 r 1328277233492844544
1462676089226944513 1328277233492844544 1637564129.0 r 1390620618001838086
1462676169925410816 1328277233492844544 1637564148.0 r 1413326894435602434
1462681304495972353 1437961007029227520 1637565372.0 r 1328277233492844544
1462710228038959111 1437952405283426310 1637572268.0 r 1409783149211443200
1462711607784611844 1437959162651156484 1637572597.0 r 1328277233492844544
1462772799056093186 1390637197167038464 1637587186.0 r 1328277233492844544
1462917783713366018 1283646922406760448 1637621753.0 r 1390637197167038464
1463117724389986308 1437952405283426310 1637669423.0 r 1328277233492844544
1463127362405482505 1328277233492844544 1637671721.0 r 1437952405283426310
1463211528992157698 1328277233492844544 1637691788.0 r 1390620618001838086
1463245859429048326 1328277233492844544 1637699973.0 r 1437961007029227520
1463246638038847491 1437961007029227520 1637700158.0 r 1328277233492844544
1463246820075708418 1328277233492844544 1637700202.0 r 1437961007029227520
1463247105351471105 1283646922406760448 1637700270.0 r 1390637197167038464
1463248238903967749 1437961007029227520 1637700540.0 r 1328277233492844544
1463263942076243976 1390637197167038464 1637704284.0 r 1283646922406760448
1463506497967693829 1437961007029227520 1637762114.0 r 1283653858510598144
1464044082389561344 1437961007029227520 1637890284.0 r 1283646922406760448
1464079881705164802 1234752200145899520 1637898819.0 r 1390620618001838086
1464080279283376128 1390620618001838086 1637898914.0 r 1234752200145899520
1464486887259709445 1328277233492844544 1637995857.0 r 1437952405283426310
1464778044703318019 1235180878449397764 1638065274.0 r 1437961007029227520
1464778410715238404 1437961007029227520 1638065362.0 r 1235180878449397764
1464831456480399362 1328277233492844544 1638078009.0 r 1413318241804439552
1465408621672546316 1390620618001838086 1638215616.0 r 1283646922406760448
1465739444875579406 1437961007029227520 1638294490.0 r 1283653858510598144
1465742711030386693 1283653858510598144 1638295269.0 r 1437961007029227520
1465746885222678530 1390209302120394754 1638296264.0 r 1283653858510598144
1465750645667995654 1437961007029227520 1638297160.0 r 1283653858510598144
1465752207450542085 1328277233492844544 1638297533.0 r 1413318241804439552
1465766955864842241 1283653858510598144 1638301049.0 r 1437961007029227520
1465803320115802116 1437961007029227520 1638309719.0 r 1283653858510598144
1465905967170609152 1328277233492844544 1638334192.0 r 1437961007029227520
1465906131499462657 1437961007029227520 1638334231.0 r 1328277233492844544
1466291310583693313 1328277233492844544 1638426065.0 r 1437961007029227520
1466292942985965571 1437961007029227520 1638426454.0 r 1328277233492844544
1466293502468255744 1328277233492844544 1638426588.0 r 1437961007029227520
1466324028596133891 1390620618001838086 1638433866.0 r 1234753886520393729
1467602737735118851 1283646922406760448 1638738734.0 r 1390637197167038464
1467604359932526606 1390637197167038464 1638739120.0 r 1283646922406760448
1467858040439386114 1437952405283426310 1638799602.0 r 1283653858510598144
1467873755552567303 1328277233492844544 1638803349.0 r 1437961007029227520
1467874058578677763 1437961007029227520 1638803422.0 r 1328277233492844544
1467874512456720387 1328277233492844544 1638803530.0 r 1437961007029227520
1467877826300985348 1437961007029227520 1638804320.0 r 1328277233492844544
1468062174803341316 1437963160544284675 1638848272.0 r 1409819816194576394
1468222582264512513 1328277233492844544 1638886516.0 r 1437961007029227520
1468222727941201930 1437961007029227520 1638886551.0 r 1328277233492844544
1468546046741594122 1437961007029227520 1638963636.0 r 1283653858510598144
1468813060743872513 1437952405283426310 1639027297.0 r 1234753886520393729
1469324934300196869 1437952405283426310 1639149337.0 r 1283657064410017793
1469492764794523655 1235180878449397764 1639189351.0 r 1413339084076978179
1469494820909780992 1413339084076978179 1639189841.0 r 1235180878449397764
1469946934051762176 1328277750000492545 1639297634.0 r 1437952405283426310
1470023971865341953 1437961007029227520 1639316001.0 r 1283656034305769472
1470568298832146432 1283646922406760448 1639445778.0 r 1390637197167038464
1471617531655999497 1283646922406760448 1639695935.0 r 1390637197167038464
1471635232277282824 1390637197167038464 1639700155.0 r 1283646922406760448
1471828958756978705 1437961007029227520 1639746343.0 r 1328277233492844544
1471831232132509703 1328277233492844544 1639746885.0 r 1437961007029227520
1471831355201830912 1437961007029227520 1639746915.0 r 1328277233492844544
1472461796900585472 1390637197167038464 1639897224.0 r 1328277233492844544
1472464143630307329 1328277233492844544 1639897783.0 r 1390637197167038464
1472540237758881794 1437961007029227520 1639915925.0 r 1283653858510598144
1473544506607902724 1465850835951357955 1640155362.0 r 1328277233492844544
1473548798374805504 1328277233492844544 1640156385.0 r 1465850835951357955
1473549938764263426 1465850835951357955 1640156657.0 r 1328277233492844544
1473556203401740289 1328277233492844544 1640158150.0 r 1465850835951357955
1473556351695695877 1465850835951357955 1640158186.0 r 1328277233492844544
1473808463784513540 1283646922406760448 1640218294.0 r 1390637197167038464
1474557347167014913 1409783149211443200 1640396842.0 r 1390620618001838086
1474558433978458118 1390620618001838086 1640397101.0 r 1409783149211443200
1474561992492929025 1409783149211443200 1640397949.0 r 1390620618001838086
1475206211146596355 1437961007029227520 1640551543.0 r 1283657064410017793
1475274613445824513 1283646922406760448 1640567851.0 r 1390620618001838086
1475274801065431042 1390620618001838086 1640567896.0 r 1283646922406760448
1475275087981027333 1283646922406760448 1640567964.0 r 1390620618001838086
1475276523879940096 1283646922406760448 1640568307.0 r 1390620618001838086
1475286299347140613 1283646922406760448 1640570637.0 r 1390637197167038464
1475362358184849410 1390637197167038464 1640588771.0 r 1283646922406760448
1475446261436370945 1283646922406760448 1640608775.0 r 1390637197167038464
1475864901994401793 1437961007029227520 1640708587.0 r 1283653858510598144
1475877758207393792 1283653858510598144 1640711652.0 r 1437961007029227520
1477544494258081799 1437961007029227520 1641109033.0 r 1283653858510598144
1477872156792872961 1328275136575799297 1641187154.0 r 1390209302120394754
1478711000555786240 1437961007029227520 1641387150.0 r 1328277233492844544
1478711314474176512 1328277233492844544 1641387225.0 r 1437961007029227520
1478967424544301057 1390637197167038464 1641448286.0 r 1283646922406760448
1479263175925112833 1328277233492844544 1641518799.0 r 1413318241804439552
1479943526792187905 1390620618001838086 1641681007.0 r 1283646922406760448
1479944820613337093 1283646922406760448 1641681315.0 r 1390620618001838086
1479945154194780162 1390209302120394754 1641681395.0 r 1283646922406760448
1479945561356832773 1283646922406760448 1641681492.0 r 1390209302120394754
1479954219377598464 1437952405283426310 1641683556.0 r 1283646922406760448
1479955264950439936 1283646922406760448 1641683806.0 r 1437952405283426310
1479958770746855430 1437952405283426310 1641684641.0 r 1283646922406760448
1480067222185791490 1328277233492844544 1641710498.0 r 1390637197167038464
1480244192077131784 1437952405283426310 1641752691.0 r 1235180878449397764
1480303880021889035 1283646922406760448 1641766922.0 r 1437963160544284675
1480308277074436096 1437963160544284675 1641767970.0 r 1283646922406760448
1480884946411704333 1437952405283426310 1641905459.0 r 1235180878449397764
1482622527172235265 1390620618001838086 1642319730.0 r 1409783149211443200
1482627917436043267 1409783149211443200 1642321016.0 r 1390620618001838086
1484094248190464001 1437961007029227520 1642670616.0 r 1409783149211443200
1484144239197917188 1283653858510598144 1642682535.0 r 1465851243167895554
1484148783948648456 1465851243167895554 1642683618.0 r 1283653858510598144
1485572024286302208 1465851881180348425 1643022945.0 r 1283653858510598144
1485576182682689537 1283653858510598144 1643023937.0 r 1465851881180348425
1485659923107225601 1437961007029227520 1643043902.0 r 1328277233492844544
1485660333943701506 1328277233492844544 1643044000.0 r 1437961007029227520
1485660614181666819 1437961007029227520 1643044067.0 r 1328277233492844544
1485661155154890759 1328277233492844544 1643044196.0 r 1437961007029227520
1485665466341371908 1465851188562345985 1643045224.0 r 1328277233492844544
1485666262735007746 1328277233492844544 1643045414.0 r 1465851188562345985
1486034076389842944 1283646922406760448 1643133107.0 r 1390637197167038464
1486102073154408458 1390637197167038464 1643149319.0 r 1283646922406760448
1486132327705153536 1283646922406760448 1643156532.0 m 1390637197167038464 r 15871080
1486164094394720258 1437952405283426310 1643164106.0 r 1234752200145899520
1486164410590990336 1234752200145899520 1643164181.0 r 1437952405283426310
1486169274507046912 1390637197167038464 1643165341.0 m 1283646922406760448 r 15871080
1487210462550843394 1283646922406760448 1643413579.0 r 1390637197167038464
1487216468114960384 1390637197167038464 1643415011.0 r 1283646922406760448
1487296216094605315 1328277233492844544 1643434025.0 r 1437952405283426310
1487385794398539778 1437952405283426310 1643455382.0 r 1328277233492844544
1487386383475896325 1328277233492844544 1643455522.0 r 1437952405283426310
1487581310281400320 1409783149211443200 1643501996.0 r 1390620618001838086
1487582151109455872 1390620618001838086 1643502197.0 r 1409783149211443200
1487706138611052544 1283653858510598144 1643531758.0 r 1465851188562345985
1488162064736702474 1465851188562345985 1643640459.0 r 1283653858510598144
1488176746784440322 1283653858510598144 1643643960.0 r 1465851188562345985
1488180468885372929 1465851188562345985 1643644847.0 r 1283653858510598144
1489265848988880900 1283653858510598144 1643903622.0 r 1465850835951357955
1489316252841558023 1465850835951357955 1643915639.0 r 1283653858510598144
1489424244312350720 1390209302120394754 1643941386.0 r 1283653858510598144
1489473785233395714 1437961007029227520 1643953198.0 r 1283653858510598144
1489482433124732934 1283653858510598144 1643955259.0 r 1437961007029227520
1489739460036210692 1437961007029227520 1644016539.0 r 1283657064410017793
1490455082156150785 1437952405283426310 1644187157.0 r 1283656034305769472
1490738443307073539 1437952405283426310 1644254716.0 r 1234752200145899520
1491186842460655616 1390637197167038464 1644361622.0 r 1283646922406760448
1491232968865882113 1437952405283426310 1644372620.0 r 1283653858510598144
1491887131723239429 1437952405283426310 1644528584.0 r 1283646922406760448
1492331873925795846 1465851881180348425 1644634619.0 r 1283653858510598144
1492543548662730754 1390637197167038464 1644685086.0 r 1235180878449397764
1492891648761958407 1413339084076978179 1644768080.0 r 1328277233492844544
1492915130363158530 1328277233492844544 1644773678.0 r 1413339084076978179
1492993053707149314 1283646922406760448 1644792257.0 r 1437963160544284675
1492993940265570310 1437963160544284675 1644792468.0 r 1283646922406760448
1493203186378756100 1437952405283426310 1644842356.0 r 1234753886520393729
1493334718015848451 1283646922406760448 1644873716.0 r 1390209302120394754
1493490774708785153 1390209302120394754 1644910923.0 r 1234753886520393729
1493541179585089538 1390209302120394754 1644922940.0 r 1234753886520393729
1493850230344720388 1390209302120394754 1644996623.0 r 1283646922406760448
1494917665487474692 1390620618001838086 1645251120.0 r 1235180878449397764
1494923779138781188 1235180878449397764 1645252577.0 r 1390620618001838086
1494926067865370626 1390620618001838086 1645253123.0 r 1235180878449397764
1495145800225202181 1437952405283426310 1645305511.0 r 1234753886520393729
1495147426914926592 1234753886520393729 1645305899.0 r 1437952405283426310
1495170341966127108 1437952405283426310 1645311363.0 r 1234753886520393729
1495563588311949318 1283646922406760448 1645405120.0 r 1390637197167038464
1495563891941822475 1390637197167038464 1645405192.0 r 1283646922406760448
1495564079720812549 1283646922406760448 1645405237.0 r 1390637197167038464
1495566161030823941 1390637197167038464 1645405733.0 r 1283646922406760448
1495568142445256708 1283646922406760448 1645406206.0 r 1390637197167038464
1496005091505156099 1413326894435602434 1645510382.0 r 1234753886520393729
1496420263034081282 1437961007029227520 1645609367.0 r 1283653858510598144
1496441522669371392 1283653858510598144 1645614436.0 r 1437961007029227520
1496542724060762115 1390620618001838086 1645638564.0 r 1283646922406760448
1497104971766153222 1493392149664219138 1645772614.0 r 1328277233492844544
1497105994245369860 1328277233492844544 1645772858.0 r 1493392149664219138
1497110600039776285 1493392149664219138 1645773956.0 r 1328277233492844544
1497111602730258436 1328277233492844544 1645774195.0 r 1493392149664219138
1497112087096614919 1493392149664219138 1645774311.0 r 1328277233492844544
1497112251945598976 1328277233492844544 1645774350.0 r 1493392149664219138
1497112735057862661 1493392149664219138 1645774465.0 r 1328277233492844544
1497113066173243392 1328277233492844544 1645774544.0 r 1493392149664219138
1497115119251501056 1328277233492844544 1645775034.0 r 1493392149664219138
1497115536077078529 1437961007029227520 1645775133.0 m 1328277233492844544 r 1493392149664219138
1497115876532834308 1493392149664219138 1645775214.0 r 1328277233492844544
1497116513316524036 1328277233492844544 1645775366.0 m 1493392149664219138 r 1437961007029227520
1497116642114998274 1437961007029227520 1645775397.0 m 1493392149664219138 r 1328277233492844544
1497116896541700097 1328277233492844544 1645775457.0 r 1493392149664219138
1497117131657576450 1328277233492844544 1645775513.0 r 1437961007029227520
1497117709846425601 1493392149664219138 1645775651.0 r 1328277233492844544
1497117727273672719 1437961007029227520 1645775655.0 r 1328277233492844544
1497119593273638915 1328277233492844544 1645776100.0 r 1493392149664219138
1497120264626266120 1493392149664219138 1645776260.0 r 1328277233492844544
1497121111883927560 1493392149664219138 1645776462.0 m 1328277233492844544 r 1454005013043236865
1497243342391812100 1493392149664219138 1645805604.0 m 1328277233492844544 r 2862272008
1497247278809366528 1328277233492844544 1645806543.0 r 1493392149664219138
1497577568551137280 1437952405283426310 1645885290.0 r 1409783149211443200
1498266823132917762 1283646922406760448 1646049621.0 r 1390209302120394754
1499175025513046020 1465851881180348425 1646266154.0 r 1283653858510598144
1499206542091972608 1328277233492844544 1646273668.0 r 1437961007029227520
1499209283363352579 1437961007029227520 1646274321.0 r 1328277233492844544
1499210793413320705 1328277233492844544 1646274681.0 r 1437961007029227520
1499493705371291650 1465851881180348425 1646342133.0 r 1283653858510598144
1499506282763415586 1283653858510598144 1646345131.0 r 1465851881180348425
1499977688953798658 1234752200145899520 1646457523.0 r 1390209302120394754
1499984485722509312 1390209302120394754 1646459144.0 r 1234752200145899520
1500043774809968642 1234753886520393729 1646473280.0 r 1390209302120394754
1500044906643050500 1390209302120394754 1646473549.0 r 1234753886520393729
1501738068667248647 1437952405283426310 1646877231.0 r 1235180878449397764
1502294718863925252 1235180878449397764 1647009946.0 r 1437961007029227520
1502300104233046026 1437961007029227520 1647011230.0 r 1235180878449397764
1502443603368546313 1437952405283426310 1647045443.0 r 1328277750000492545
1502449558470672387 1437952405283426310 1647046863.0 r 1283646922406760448
1502692832485994496 1328277750000492545 1647104864.0 r 1437952405283426310
1504902646662062085 1437952405283426310 1647631725.0 r 1234753886520393729
1506327236705759243 1390620618001838086 1647971374.0 r 1283646922406760448
1506327325780189184 1390620618001838086 1647971395.0 r 1283646922406760448
1506328493113626629 1283646922406760448 1647971673.0 r 1390620618001838086
1506336269093289991 1390620618001838086 1647973527.0 r 1283646922406760448
1506704921789444099 1437959162651156484 1648061421.0 r 1328277233492844544
1506705184650854400 1328277233492844544 1648061483.0 r 1437959162651156484
1507007011656929285 1437961007029227520 1648133445.0 r 1328277233492844544
1507009928401088524 1390637197167038464 1648134140.0 r 1328277233492844544
1507033351399645186 1437959162651156484 1648139724.0 r 1328277233492844544
1507148847591702533 1465850835951357955 1648167261.0 r 1328277233492844544
1507150538311626752 1328277233492844544 1648167664.0 r 1437961007029227520
1507152188702957573 1437952405283426310 1648168057.0 r 1328277233492844544
1507154613220556801 1328277233492844544 1648168636.0 r 1390637197167038464
1507166912819896321 1328277233492844544 1648171568.0 r 1437959162651156484
1507175683272847361 1328277233492844544 1648173659.0 r 1465850835951357955
1507178488117178373 1328277233492844544 1648174328.0 r 1437952405283426310
1507202818515652611 1437961007029227520 1648180129.0 r 1328277233492844544
1507596181400133635 1437952405283426310 1648273914.0 r 1234753886520393729
1509567828763938819 1235180878449397764 1648743991.0 r 1437952405283426310
1509568329941409809 1437952405283426310 1648744110.0 r 1235180878449397764
1509933321610006528 1283646922406760448 1648831131.0 r 1390637197167038464
1509933932015456261 1390637197167038464 1648831277.0 r 1283646922406760448
1509935036929351708 1283646922406760448 1648831540.0 r 1390637197167038464
1510248957393448964 1437959162651156484 1648906385.0 r 1328277233492844544
1510249282233843720 1437959162651156484 1648906462.0 m 36071768 r 1409783149211443200
1510815279386963978 1390637197167038464 1649041406.0 r 1283646922406760448
1511000641287639043 1465851188562345985 1649085600.0 r 1283653858510598144
1511001173137973257 1437961007029227520 1649085727.0 r 1283653858510598144
1512527205301202944 1437961007029227520 1649449561.0 r 1283653858510598144
1512691861286236164 1390209302120394754 1649488818.0 r 1328275136575799297
1514297510977810436 1437961007029227520 1649871635.0 r 1283653858510598144
1515593353257127936 1328277233492844544 1650180588.0 r 1390637197167038464
1516063099022888969 1437952405283426310 1650292584.0 r 1235180878449397764
1516914151410606080 1437959162651156484 1650495491.0 r 1328277233492844544
1517279623444414464 1283646922406760448 1650582626.0 r 1390637197167038464
1517330769332613120 1390637197167038464 1650594820.0 r 1283646922406760448
1517484570257637376 1437952405283426310 1650631489.0 r 1283646922406760448
1517642964654297096 1283646922406760448 1650669253.0 r 1390637197167038464
1519470667204374529 1437952405283426310 1651105012.0 r 1328275136575799297
1519711781865897985 1390637197167038464 1651162498.0 m 15871080 r 1283646922406760448
1521559173653319681 1390637197167038464 1651602950.0 r 1283646922406760448
1521559297741762560 1283646922406760448 1651602980.0 r 1390637197167038464
1523701030415966208 1437952405283426310 1652113609.0 r 1234753886520393729
1523701296196628482 1234753886520393729 1652113672.0 r 1437952405283426310
1523701585276198912 1437952405283426310 1652113741.0 r 1234753886520393729
1524726976585650179 1283646922406760448 1652358213.0 r 1390637197167038464
1524933552982335491 1437952405283426310 1652407465.0 r 1328275136575799297
1524935738655375361 1328275136575799297 1652407986.0 r 1437952405283426310
1524958512165847040 1437963160544284675 1652413416.0 r 1409817941705515015
1524983994277691392 1409817941705515015 1652419491.0 r 1437963160544284675
1525533107306303489 1437952405283426310 1652550410.0 r 1486629076005634049
1525536905336586240 1437959162651156484 1652551315.0 r 1283653858510598144
1525579546338156553 1437952405283426310 1652561482.0 r 1283646922406760448
1525907430894346241 1283646922406760448 1652639656.0 r 1437952405283426310
1526047519716818947 1283646922406760448 1652673055.0 r 1390637197167038464
1526048038640295937 1390637197167038464 1652673179.0 r 1283646922406760448
1526048410259836928 1283646922406760448 1652673268.0 r 1390637197167038464
1526060681216368642 1390637197167038464 1652676193.0 r 1283646922406760448
1526580436339634176 1490867613915828224 1652800113.0 r 1283653858510598144
1526729150375026689 1390209302120394754 1652835569.0 r 1283653858510598144
1527161251507277824 1235180878449397764 1652938590.0 r 1437959162651156484
1527178350191575041 1390209302120394754 1652942666.0 r 1283646922406760448
1527427981164961792 1490867613915828224 1653002183.0 r 1283650008835743744
1527513796989882385 1390637197167038464 1653022643.0 r 1283646922406760448
1527540385735655425 1390209302120394754 1653028982.0 r 1283646922406760448
1527973275514638337 1437952405283426310 1653132191.0 r 1235180878449397764
1528530281128505344 1437961007029227520 1653264992.0 r 1283657064410017793
1529247655884468224 1437952405283426310 1653436027.0 r 1328277233492844544
1529252870922838017 1328277233492844544 1653437271.0 r 1437952405283426310
1529686865460314112 1437952405283426310 1653540743.0 r 1486629076005634049
1530454676621099008 1437952405283426310 1653723804.0 r 1486633489101307907
1530680568911904769 1437952405283426310 1653777660.0 r 1283646922406760448
1530681719342235649 1283646922406760448 1653777935.0 r 1437952405283426310
1531002941129342986 1437952405283426310 1653854520.0 r 1234752200145899520
1531375317923012608 1437959162651156484 1653943302.0 r 1328277233492844544
1531479063788785664 1235180878449397764 1653968036.0 r 1390209302120394754
1531834410634563586 1437959162651156484 1654052758.0 r 1283646922406760448
1531836452925059073 1390637197167038464 1654053245.0 r 1409817941705515015
1531841844908380160 1437959162651156484 1654054530.0 r 1409817941705515015
1532194931120513024 1437952405283426310 1654138713.0 r 1235180878449397764
1533715271793496064 1437959162651156484 1654501190.0 r 1283646922406760448
1533828800907198465 1437952405283426310 1654528257.0 r 1234752200145899520
1533876795413438465 1234752200145899520 1654539700.0 r 1437952405283426310
1533992491116302336 1437959162651156484 1654567284.0 r 1409783149211443200
1534807688302841856 1437959162651156484 1654761642.0 r 1409783149211443200
1535648866858565633 1437952405283426310 1654962195.0 r 1234753886520393729
1535653899251875842 1234753886520393729 1654963395.0 r 1437952405283426310
1535707546840879105 1390209302120394754 1654976185.0 r 1283646922406760448
1535707978296434688 1283646922406760448 1654976288.0 r 1390209302120394754
1535818988739039232 1390637197167038464 1655002755.0 r 1283646922406760448
1536737769216671746 1465851881180348425 1655221810.0 r 1283653858510598144
1537161107009568768 1414849131655450626 1655322741.0 m 1283653858510598144 r 68042177
1537568036655333382 1437961007029227520 1655419761.0 r 1283653858510598144
1539506853797048320 1437952405283426310 1655882011.0 r 1234753886520393729
1539531067459133440 1234753886520393729 1655887784.0 r 1437952405283426310
1540385151888269312 1390209302120394754 1656091413.0 m 1283653858510598144 10228272 r 68042177
1540422193527623680 1390637197167038464 1656100245.0 r 1283646922406760448
1540456258708316161 1437961007029227520 1656108367.0 r 1283653858510598144
1541285867184181249 1390209302120394754 1656306161.0 r 1283653858510598144
1541338112311169025 1490867613915828224 1656318617.0 r 1283653858510598144
1541470985253273602 1437952405283426310 1656350296.0 r 1234752200145899520
1541478869810974721 1234752200145899520 1656352176.0 r 1437952405283426310
1542324448132489216 1437959162651156484 1656553778.0 r 1409817941705515015
1542562663955574785 1234753886520393729 1656610573.0 r 1390620618001838086
1542563213983846400 1390620618001838086 1656610704.0 r 1234753886520393729
1542652073715683332 1437959162651156484 1656631890.0 r 1409783149211443200
1543899006509543428 1437952405283426310 1656929182.0 r 1486633489101307907
1544844213220696066 1283646922406760448 1657154536.0 r 1390637197167038464
1545136032944984075 1283646922406760448 1657224112.0 r 1390637197167038464
1545177930216706051 1390637197167038464 1657234101.0 r 1283646922406760448
1545856111147876354 1437952405283426310 1657395792.0 r 1328277233492844544
1546025534253154305 1390209302120394754 1657436185.0 r 1283646922406760448
1547059850378723328 1390637197167038464 1657682785.0 r 1283646922406760448
1547533660424966144 1437961007029227520 1657795751.0 r 1328277233492844544
1547535376037908480 1328277233492844544 1657796160.0 r 1437961007029227520
1547543631585689600 1437961007029227520 1657798128.0 r 1328277233492844544
1547822007240101888 1437961007029227520 1657864498.0 r 1328277233492844544
1547822611572305922 1328277233492844544 1657864642.0 r 1437961007029227520
1547823238373199874 1437961007029227520 1657864791.0 r 1328277233492844544
1547827534141669377 1437952405283426310 1657865816.0 r 1235180878449397764
1549005044502118401 1465851243167895554 1658146556.0 r 1536577295632441344
1549015819463827456 1536577295632441344 1658149125.0 r 1465851243167895554
1549053693202501634 1465851881180348425 1658158155.0 r 1536577295632441344
1549053939198611461 1465851881180348425 1658158213.0 m 1536577295632441344 r 1314212540180652033
1549054754047016960 1536577295632441344 1658158408.0 r 1465851881180348425
1549614780461322241 1437952405283426310 1658291928.0 m 4653721512 r 1283653858510598144
1549616647299690496 1283653858510598144 1658292373.0 r 1437952405283426310
1550099465704509445 1465851881180348425 1658407486.0 r 1283653858510598144
1550218515658964995 1437952405283426310 1658435870.0 r 1486636197908602880
1550247118249525248 1465851243167895554 1658442689.0 r 1283653858510598144
1550275830915338240 1283653858510598144 1658449535.0 r 1465851243167895554
1550277217862569984 1283653858510598144 1658449866.0 r 1465851881180348425
1550291993821061125 1437952405283426310 1658453389.0 r 1235180878449397764
1550297659524595714 1545354510515654656 1658454739.0 r 1536575088996524032
1550322860962758656 1546328834559340544 1658460748.0 r 1536575088996524032
1550331964674035713 1545354510515654656 1658462918.0 r 1536579341332516864
1550332386931486725 1545354510515654656 1658463019.0 r 1536577295632441344
1550332591030489088 1545354510515654656 1658463068.0 r 1536576325296996352
1550342421116256256 1536577295632441344 1658465411.0 r 1545354510515654656
1550343354067460097 1536576325296996352 1658465634.0 r 1545354510515654656
1550350835334254592 1545354510515654656 1658467417.0 r 1536576325296996352
1550351390739861507 1545354510515654656 1658467550.0 r 1536577295632441344
1550397257874165760 1545351225293426688 1658478485.0 r 1536575088996524032
1550399313888432128 1545351225293426688 1658478976.0 r 1536576325296996352
1550562124765704192 1545354510515654656 1658517793.0 r 1536575088996524032
1550646190386974720 1536576325296996352 1658537836.0 r 1545354510515654656
1550647889038229504 1545354510515654656 1658538241.0 r 1536576325296996352
1550648071200985089 1545354510515654656 1658538284.0 r 1536576325296996352
1550662057967890432 1546328834559340544 1658541619.0 r 1536575088996524032
1550664135393681409 1545352592884084736 1658542114.0 r 1536575088996524032
1550664352675418112 1545354510515654656 1658542166.0 r 1536575088996524032
1550664735179300872 1545562635650957312 1658542257.0 r 1536575088996524032
1550677352819990528 1545354510515654656 1658545265.0 r 1536576325296996352
1550678489585442816 1545352592884084736 1658545536.0 r 1536576325296996352
1550679354480410624 1545562635650957312 1658545742.0 r 1536576325296996352
1550734447439675396 1536576325296996352 1658558878.0 r 1545354510515654656
1550811800551034880 1536576325296996352 1658577320.0 r 1545352592884084736
1550837092409692160 1545354510515654656 1658583350.0 r 1536577295632441344
1550838299337818119 1536577295632441344 1658583638.0 r 1545354510515654656
1551004664027500545 1536576325296996352 1658623302.0 r 1545354510515654656
1551004708755496960 1545354510515654656 1658623313.0 r 1536579341332516864
1551015482555113475 1545354510515654656 1658625882.0 r 1536576325296996352
1551046378453102592 1165866977715347456 1658633248.0 r 1536576325296996352
1551073233578954753 1545562635650957312 1658639651.0 r 1536579341332516864
1551073272258670592 1545354510515654656 1658639660.0 r 1536579341332516864
1551073404052131840 1545354510515654656 1658639691.0 r 1536577295632441344
1551073609581486082 1545562635650957312 1658639740.0 r 1536577295632441344
1551086183488565248 1536577295632441344 1658642738.0 r 1545354510515654656
1551086503735881731 1545354510515654656 1658642814.0 r 1536577295632441344
1551315694800621568 1536576325296996352 1658697458.0 r 1545354510515654656
1551316049940779008 1545354510515654656 1658697543.0 r 1536576325296996352
1551317426632998912 1536576325296996352 1658697871.0 r 1545562635650957312
1551324952284090374 1490867613915828224 1658699665.0 r 1536576325296996352
1551342848821395457 1536575088996524032 1658703932.0 r 1545352592884084736
1551343156272058368 1536575088996524032 1658704005.0 r 1545562635650957312
1551343436451684352 1536575088996524032 1658704072.0 r 1545354510515654656
1551343743495806976 1536575088996524032 1658704145.0 r 1545552756773208066
1551344100699475968 1536575088996524032 1658704230.0 r 1545351225293426688
1551344214591492096 1545354510515654656 1658704257.0 r 1536575088996524032
1551344386755112960 1536576325296996352 1658704299.0 r 1545562635650957312
1551344395710263296 1536577295632441344 1658704301.0 r 1545354510515654656
1551344539624886272 1545354510515654656 1658704335.0 r 1536577295632441344
1551344551696257031 1536575088996524032 1658704338.0 r 1546328834559340544
1551405816250769408 1536577295632441344 1658718944.0 r 1545354510515654656
1551424524268158978 1536576325296996352 1658723405.0 r 1545354510515654656
1551436413165391872 1536576325296996352 1658726239.0 r 1490867613915828224
1551456589499863040 1536576325296996352 1658731050.0 r 1545354510515654656
1551457846948032513 1545354510515654656 1658731350.0 r 1536576325296996352
1551461115808272384 1536576325296996352 1658732129.0 r 1545354510515654656
1551461250076250113 1545354510515654656 1658732161.0 r 1536576325296996352
1551466570290868224 1536579341332516864 1658733429.0 r 1545562635650957312
1551882014923673601 1465851881180348425 1658832479.0 r 1536576325296996352
1551884728613015553 1536576325296996352 1658833126.0 r 1465851881180348425
1552586177819152386 1437961007029227520 1659000365.0 r 1536576325296996352
1552589250670915584 1536576325296996352 1659001097.0 r 1437961007029227520
1552825070627631105 1413318241804439552 1659057321.0 r 1536576325296996352
1552825746120273920 1536576325296996352 1659057482.0 r 1413318241804439552
1552828067214606336 1413318241804439552 1659058036.0 r 1536576325296996352
1552888849734451201 1491195742123397124 1659072527.0 m 1536577295632441344 r 1536576325296996352
1552919300641419264 1536576325296996352 1659079787.0 m 1536577295632441344 r 1491195742123397124
1552939794040123392 1536576325296996352 1659084673.0 m 2965034410 r 1493392149664219138
1552948980996194306 1536576325296996352 1659086864.0 r 1465851881180348425
1552950846631059457 1465851881180348425 1659087308.0 r 1536576325296996352
1552951158201020416 1536577295632441344 1659087383.0 r 1465851881180348425
1552951496031014913 1465851881180348425 1659087463.0 m 1536576325296996352 r 1462429128951578631
1552953954471927808 1465851881180348425 1659088049.0 r 1536577295632441344
1552956457011712000 1165866977715347456 1659088646.0 r 1536575088996524032
1553014919918137345 1413339084076978179 1659102585.0 r 1328277233492844544
1553027976484343810 1493392149664219138 1659105698.0 m 2965034410 r 1536576325296996352
1553034936394715136 1328277233492844544 1659107357.0 r 1413339084076978179
1553170656363270144 1545562635650957312 1659139715.0 r 1536579341332516864
1553370407834595328 1536576325296996352 1659187340.0 r 1465851881180348425
1553542812737703936 1437952405283426310 1659228444.0 r 1409819816194576394
1554042975025598465 1283646922406760448 1659347692.0 r 1390209302120394754
1554047583064145920 1390209302120394754 1659348791.0 r 1283646922406760448
1554155752406671360 1545354510515654656 1659374580.0 r 1536576325296996352
1554341585906802688 1437952405283426310 1659418887.0 r 1234753886520393729
1554389572741541888 1545354510515654656 1659430327.0 r 1536575088996524032
1554454504250249218 1545552756773208066 1659445808.0 r 1536577295632441344
1554455781818667010 1536577295632441344 1659446113.0 r 1545552756773208066
1554465118511144961 1545552756773208066 1659448339.0 r 1536577295632441344
1554689261747707906 1390637197167038464 1659501779.0 r 1409784760805650436
1554691845828931584 1409784760805650436 1659502395.0 r 1390637197167038464
1554698262665379845 1437952405283426310 1659503925.0 r 1234752200145899520
1554715080436203522 1545552756773208066 1659507935.0 r 1536579341332516864
1554720119766810624 1546328834559340544 1659509136.0 r 1536579341332516864
1554768787399970818 1437961007029227520 1659520739.0 r 1283653858510598144
1554774647836528640 1283653858510598144 1659522137.0 r 1437961007029227520
1554775506662334466 1437961007029227520 1659522341.0 r 1283653858510598144
1554912235067162624 1536575088996524032 1659554940.0 r 1545552756773208066
1554913328127827969 1536576325296996352 1659555200.0 r 1545552756773208066
1554913467622105088 1545552756773208066 1659555234.0 r 1536576325296996352
1554913619443326976 1545552756773208066 1659555270.0 r 1536575088996524032
1554920867943120898 1437952405283426310 1659556998.0 r 1328275136575799297
1554921627758075909 1328275136575799297 1659557179.0 r 1437952405283426310
1554972517894426630 1545552756773208066 1659569312.0 r 1536575088996524032
1554981715357097984 1536575088996524032 1659571505.0 r 1545552756773208066
1555017497228738560 1390637197167038464 1659580036.0 r 1328277233492844544
1555023013858254851 1328277233492844544 1659581352.0 r 1390637197167038464
1555314577042092033 1536576325296996352 1659650866.0 r 1545552756773208066
1555315941667373064 1545552756773208066 1659651191.0 r 1536576325296996352
1555328937466638338 1536576325296996352 1659654289.0 r 1545562635650957312
1555357825366478849 1390209302120394754 1659661177.0 r 1283646922406760448
1555516860044611584 1490867613915828224 1659699094.0 r 1328277233492844544
1555721378506354688 1546328834559340544 1659747855.0 r 1536575088996524032
1555726002231427072 1465851881180348425 1659748957.0 r 1536575088996524032
1555729669051269120 1536575088996524032 1659749831.0 r 1465851881180348425
1555739217749319680 1465851881180348425 1659752108.0 r 1536575088996524032
1555740727103070209 1536576325296996352 1659752468.0 r 1465851881180348425
1555847956468797440 1465851881180348425 1659778033.0 r 1536576325296996352
1555859373683245056 1546328834559340544 1659780755.0 r 1536576325296996352
1555870249358016515 1328277233492844544 1659783348.0 r 1437961007029227520
1555873683826249728 1437961007029227520 1659784167.0 r 1328277233492844544
1555975215838003200 1536575088996524032 1659808374.0 r 1545552756773208066
1555976078585389057 1545552756773208066 1659808580.0 r 1536575088996524032
1555978341345263616 1536575088996524032 1659809119.0 r 1545552756773208066
1555978589052588032 1545552756773208066 1659809178.0 r 1536575088996524032
1556237656480423937 1546328834559340544 1659870945.0 r 1536577295632441344
1556245110027087874 1546328834559340544 1659872722.0 r 1283653858510598144
1556444073183035392 1536575088996524032 1659920159.0 r 1465851881180348425
1556532056397586432 1545552756773208066 1659941135.0 r 1536575088996524032
1556542676216041472 1545552756773208066 1659943667.0 r 1536576325296996352
1556592626664501248 1536576325296996352 1659955576.0 r 1545552756773208066
1556681014076145664 1546328834559340544 1659976650.0 r 1283653858510598144
1556770622759669760 1546328834559340544 1659998014.0 r 1536575088996524032
1556872820566671360 1536575088996524032 1660022380.0 r 1546328834559340544
1557015648529776640 1465850835951357955 1660056433.0 r 1328277233492844544
1557015974016319489 1328277233492844544 1660056510.0 r 1465850835951357955
1557071625329205248 1491195742123397124 1660069779.0 m 1125905906879717376 r 1536576325296996352
1557071857236320256 1536576325296996352 1660069834.0 m 1125905906879717376 r 1491195742123397124
1557072641554513921 1491195742123397124 1660070021.0 m 1125905906879717376 r 1536576325296996352
1557072692087603205 1491195742123397124 1660070033.0 m 1536576325296996352 r 1125905906879717376
1557389861249761280 1465851243167895554 1660145652.0 m 1414849131655450626 r 1328277233492844544
1557390595773018112 1328277233492844544 1660145827.0 m 1414849131655450626 r 1465851243167895554
1557508080883081216 1437959162651156484 1660173838.0 r 1536579341332516864
1557522514099998723 1546328834559340544 1660177279.0 r 1283653858510598144
1557613391421837312 1437959162651156484 1660198946.0 r 1536576325296996352
1557659226322833408 1536576325296996352 1660209874.0 r 1437959162651156484
1557659649771393025 1536576325296996352 1660209975.0 r 1545354510515654656
1557660708187381761 1545354510515654656 1660210227.0 r 1536576325296996352
1557741534128533505 1546328834559340544 1660229497.0 r 1328277233492844544
1557752283504513024 1465851881180348425 1660232060.0 r 1536576325296996352
1557755495074643968 1437959162651156484 1660232826.0 r 1536576325296996352
1557759489033396224 1536576325296996352 1660233778.0 r 1465851881180348425
1557761527092072448 1536575088996524032 1660234264.0 m 1536576325296996352 r 1465851881180348425
1557881987091664898 1546328834559340544 1660262984.0 r 1409783149211443200
1558231465179205637 1536575088996524032 1660346306.0 r 1437952405283426310
1558256611763912707 1437952405283426310 1660352301.0 r 1536575088996524032
1558506058028617729 1437952405283426310 1660411774.0 r 1486633489101307907
1558506761727856640 1486633489101307907 1660411942.0 r 1437952405283426310
1558506957035675649 1437952405283426310 1660411988.0 r 1486633489101307907
1558509965421297664 1437952405283426310 1660412706.0 r 1328277750000492545
1558515639077449728 1486633489101307907 1660414058.0 r 1437952405283426310
1558545460289216515 1437952405283426310 1660421168.0 r 1328275136575799297
1558547119438700544 1328275136575799297 1660421564.0 r 1437952405283426310
1558638172703186944 1437959162651156484 1660443273.0 r 1536577295632441344
1558641960499675136 1536577295632441344 1660444176.0 r 1437959162651156484
1558768134089486338 1328277750000492545 1660474258.0 r 1437952405283426310
1558840388135550976 1414849131655450626 1660491485.0 r 1283653858510598144
1559211137614622722 1536577295632441344 1660579878.0 r 1545354510515654656
1559211456444243968 1545354510515654656 1660579954.0 r 1536577295632441344
1559463719033180161 1328277233492844544 1660640098.0 r 1413318241804439552
1559619634814365696 1545354510515654656 1660677271.0 r 1536576325296996352
1559669937269985280 1536576325296996352 1660689264.0 r 1545354510515654656
1559676089953304577 1545562635650957312 1660690731.0 r 1536576325296996352
1559998316871618561 1545562635650957312 1660767556.0 r 1536576325296996352
1560039854242574336 1536576325296996352 1660777460.0 r 1545562635650957312
1560066934686695424 1437959162651156484 1660783916.0 r 1536576325296996352
1560074291181301760 1536576325296996352 1660785670.0 r 1437959162651156484
1560076141909532672 1437959162651156484 1660786111.0 m 1536576325296996352 r 2895303462
1560328225645072387 1465851188562345985 1660846213.0 r 1283653858510598144
1560332770760605697 1437952405283426310 1660847296.0 r 1536575088996524032
1560337010933567490 1536575088996524032 1660848307.0 r 1437952405283426310
1560337440765771780 1437952405283426310 1660848410.0 r 1536575088996524032
1560439973555445761 1545552756773208066 1660872855.0 r 1536576325296996352
1560613113921257472 1437952405283426310 1660914135.0 r 1234752200145899520
1560796173266522113 1465851188562345985 1660957780.0 r 1536576325296996352
1560798630889811968 1536576325296996352 1660958366.0 r 1465851188562345985
1560803219260981249 1465851188562345985 1660959460.0 r 1536576325296996352
1560864577516101634 1390209302120394754 1660974089.0 r 1409817941705515015
1561100935484432385 1409817941705515015 1661030441.0 r 1390209302120394754
1561127885028704258 1491195742123397124 1661036866.0 r 1536575088996524032
1561265209918078977 1536575088996524032 1661069607.0 r 1490867613915828224
1561477160669327361 1536576325296996352 1661120140.0 m 1545352592884084736 r 1545562635650957312
1561484885990051840 1490867613915828224 1661121982.0 r 1536575088996524032
1561486362527862791 1545562635650957312 1661122334.0 m 1545352592884084736 r 1536576325296996352
1561613889279823879 1437952405283426310 1661152739.0 r 1328275136575799297
1561614828250075137 1328275136575799297 1661152963.0 r 1437952405283426310
1561770296012840960 1328277233492844544 1661190029.0 r 1390637197167038464
1561828116523270145 1536575088996524032 1661203814.0 r 1437952405283426310
1561828526101258241 1437952405283426310 1661203912.0 r 1536575088996524032
1561835979413110784 1437952405283426310 1661205689.0 r 1536576325296996352
1561838334560706561 1536576325296996352 1661206251.0 r 1437952405283426310
1561862817145393152 1437952405283426310 1661212088.0 r 1536576325296996352
1561864873587478529 1490867613915828224 1661212578.0 r 1536576325296996352
1561923387710005248 1536576325296996352 1661226529.0 r 1490867613915828224
1561956282986180608 1546328834559340544 1661234372.0 r 1536575088996524032
1562208359159238656 1390620618001838086 1661294471.0 r 1283646922406760448
1562209945390571520 1283646922406760448 1661294850.0 r 1390620618001838086
1562264476036268033 1546328834559340544 1661307851.0 r 1283653858510598144
1562265066820743170 1546328834559340544 1661307992.0 r 1283657064410017793
1562332730612129794 1546328834559340544 1661324124.0 r 1536577295632441344
1562333578876588034 1536577295632441344 1661324326.0 r 1546328834559340544
1562334843123699712 1546328834559340544 1661324628.0 r 1536577295632441344
1562544450059964417 1437959162651156484 1661374602.0 r 1536576325296996352
1562592277343588352 1536576325296996352 1661386005.0 r 1437959162651156484
1562600887084003328 1437963160544284675 1661388057.0 r 1409817941705515015
1562632581451255810 1490867613915828224 1661395614.0 r 1328277233492844544
1562633559092842498 1328277233492844544 1661395847.0 r 1490867613915828224
1562850562873237505 1437952405283426310 1661447585.0 r 1235180878449397764
1562853031086985216 1235180878449397764 1661448173.0 r 1437952405283426310
1562933650617942016 1546328834559340544 1661467394.0 r 1536577295632441344
1562933821254864896 1437952405283426310 1661467435.0 r 1235180878449397764
1563423011654758400 1490867613915828224 1661584067.0 r 1409783149211443200
1563423479063404548 1490867613915828224 1661584179.0 r 1328277233492844544
1563439736932675585 1328277233492844544 1661588055.0 r 1490867613915828224
1563591333050466307 1283646922406760448 1661624198.0 r 1413326894435602434
1563591528336879617 1283646922406760448 1661624245.0 r 1413339084076978179
1563597365176836096 1413339084076978179 1661625636.0 r 1283646922406760448
1563601129099100161 1283646922406760448 1661626534.0 r 1413339084076978179
1563719426473615361 1413326894435602434 1661654738.0 r 1283646922406760448
1563828400699363328 1413339084076978179 1661680719.0 r 1283646922406760448
1564019189777571840 1490867613915828224 1661726207.0 r 1536575088996524032
1564066469838725120 1545552756773208066 1661737480.0 r 1536575088996524032
1564244223708504065 1328277233492844544 1661779859.0 r 1490867613915828224
1564379564431663105 1536576325296996352 1661812127.0 r 1545552756773208066
1564379988442447872 1545552756773208066 1661812228.0 r 1536576325296996352
1564380278600056837 1536576325296996352 1661812297.0 r 1545552756773208066
1564380603184816128 1545552756773208066 1661812375.0 r 1536576325296996352
1564434962270392320 1545354510515654656 1661825335.0 r 1536576325296996352
1565023679016222722 1490867613915828224 1661965696.0 r 1536576325296996352
1565025366401757184 1546328834559340544 1661966098.0 r 1536576325296996352
1565113756476006401 1536576325296996352 1661987172.0 r 1490867613915828224
1565114081341624320 1536576325296996352 1661987250.0 r 1546328834559340544
1565137357245976579 1490867613915828224 1661992799.0 r 1536576325296996352
1565138521551097856 1536576325296996352 1661993077.0 r 1490867613915828224
1565152149855784960 1490867613915828224 1661996326.0 r 1536576325296996352
1565377543229906944 1545552756773208066 1662050064.0 r 1536575088996524032
1565413410116091904 1546328834559340544 1662058615.0 r 1536579341332516864
1565543532353359873 1328277233492844544 1662089639.0 m 1491195742123397124 r 2862272008
1565557271299596289 1491195742123397124 1662092914.0 m 1328277233492844544 r 2862272008
1565579604248539139 1409784760805650436 1662098239.0 r 1390209302120394754
1565590181402615809 1390209302120394754 1662100761.0 r 1409784760805650436
1565703698017402888 1437952405283426310 1662127825.0 r 1234752200145899520
1565721005666213888 1546328834559340544 1662131952.0 r 1283646922406760448
1565721555006812160 1546328834559340544 1662132083.0 r 1536576325296996352
1565734786110574592 1545552756773208066 1662135237.0 r 1536576325296996352
1565767909846224897 1545552756773208066 1662143134.0 r 1536575088996524032
1565870141539094529 1536576325296996352 1662167508.0 r 1437959162651156484
1565870528426131456 1437959162651156484 1662167601.0 r 1536576325296996352
1565870884123860992 1536576325296996352 1662167685.0 r 1437959162651156484
1565871907978739713 1437959162651156484 1662167930.0 r 1536576325296996352
1565871990526955521 1437959162651156484 1662167949.0 r 1536576325296996352
1565874495977848833 1546328834559340544 1662168547.0 r 1536575088996524032
1565875119502700544 1536576325296996352 1662168695.0 r 1437959162651156484
1566111813208801287 1546328834559340544 1662225127.0 r 1283656034305769472
1566197184453910528 1283646922406760448 1662245481.0 r 1413326894435602434
1566197326632345606 1283646922406760448 1662245515.0 r 1413326894435602434
1566206041041342464 1413326894435602434 1662247593.0 r 1283646922406760448
1566299781193940996 1491195742123397124 1662269942.0 r 1536575088996524032
1566299831731200002 1491195742123397124 1662269954.0 r 1536576325296996352
1566300511552290816 1536575088996524032 1662270117.0 r 1491195742123397124
1566309160089751552 1491195742123397124 1662272179.0 r 1536577295632441344
1566309185288953856 1536576325296996352 1662272185.0 r 1491195742123397124
1566317277733175296 1536575088996524032 1662274114.0 r 1437952405283426310
1566331132794355712 1491195742123397124 1662277417.0 r 1536579341332516864
1566346783533412352 1536577295632441344 1662281149.0 r 1491195742123397124
1566429593849970689 1491195742123397124 1662300892.0 r 1536577295632441344
1566459522708914176 1491195742123397124 1662308028.0 r 1536577295632441344
1566474269843922946 1536575088996524032 1662311544.0 r 1490867613915828224
1566474518440382464 1490867613915828224 1662311603.0 r 1536575088996524032
1566487328427855872 1283646922406760448 1662314657.0 r 1413326894435602434
1566511654703095808 1545552756773208066 1662320457.0 r 1536577295632441344
1566554690766110725 1413326894435602434 1662330718.0 r 1283646922406760448
1566595377502908416 1536577295632441344 1662340418.0 r 1545552756773208066
1566603163830226946 1536577295632441344 1662342274.0 r 1545552756773208066
1566607875761389571 1437959162651156484 1662343398.0 r 1536576325296996352
1566750155671764993 1546328834559340544 1662377320.0 r 1328277233492844544
1566750613609652224 1328277233492844544 1662377429.0 r 1546328834559340544
1566755355073613825 1546328834559340544 1662378560.0 r 1328277233492844544
1566800246595719170 1328277233492844544 1662389263.0 r 1546328834559340544
1566804138079719431 1546328834559340544 1662390190.0 r 1328277233492844544
1566804605110849537 1328277233492844544 1662390302.0 r 1546328834559340544
1566806607358722048 1546328834559340544 1662390779.0 r 1328277233492844544
1566806801995116544 1328277233492844544 1662390826.0 r 1546328834559340544
1566809501160062976 1546328834559340544 1662391469.0 r 1328277233492844544
1566809944783212544 1546328834559340544 1662391575.0 r 1536576325296996352
1567514035196940289 1546328834559340544 1662559443.0 r 1283646922406760448
1567736479052611586 1546328834559340544 1662612478.0 r 1536577295632441344
1567837054301601792 1437959162651156484 1662636457.0 r 1536576325296996352
1567930208379871234 1490867613915828224 1662658667.0 r 1328277233492844544
1567944274066702342 1328277233492844544 1662662020.0 r 1490867613915828224
1568024710624968705 1490867613915828224 1662681198.0 r 1283646922406760448
1568649267870601217 1536577295632441344 1662830104.0 r 1546328834559340544
1568657774375993346 1490867613915828224 1662832132.0 r 1328277233492844544
1568657897713991683 1546328834559340544 1662832161.0 r 1536577295632441344
1568823166667030528 1545552756773208066 1662871564.0 r 1536576325296996352
1568825289702281216 1536576325296996352 1662872071.0 r 1545552756773208066
1568890499658022913 1328277233492844544 1662887618.0 r 1437952405283426310
1568923179544100866 1546328834559340544 1662895409.0 r 1328277233492844544
1569009589659779073 1546328834559340544 1662916011.0 r 1409783149211443200
1569099902482882568 1390209302120394754 1662937543.0 m 449769183 r 1283646922406760448
1569113833234391040 1283646922406760448 1662940865.0 r 1390209302120394754
1569540622738157576 1546328834559340544 1663042619.0 r 1283657064410017793
1569541148527718400 1546328834559340544 1663042745.0 r 1536577295632441344
1569797962007740417 1536576325296996352 1663103974.0 r 1545562635650957312
1569881107100831744 1536575088996524032 1663123797.0 r 1490867613915828224
1569881410663596036 1490867613915828224 1663123869.0 r 1536575088996524032
1569952707603234819 1328277233492844544 1663140868.0 m 1490867613915828224
1569952988373946369 1490867613915828224 1663140935.0 r 1328277233492844544
1570167249423695872 1437961007029227520 1663192019.0 r 1283653858510598144
1570177164376526848 1465851881180348425 1663194383.0 r 1283653858510598144
1570290396617650176 1390620618001838086 1663221379.0 r 1409817941705515015
1570392377990475776 1546328834559340544 1663245694.0 r 1536577295632441344
1570669269624705025 1536577295632441344 1663311710.0 r 1546328834559340544
1570738744856309761 1546328834559340544 1663328274.0 r 1536577295632441344
1570779682035101698 1437952405283426310 1663338034.0 r 1234753886520393729
1570779797432995841 1437952405283426310 1663338062.0 r 1234753886520393729
1571059833285279744 1536576325296996352 1663404827.0 r 1545562635650957312
1571397151397416961 1546328834559340544 1663485250.0 r 1328277233492844544
1571398316222722049 1328277233492844544 1663485528.0 r 1546328834559340544
1571516498153451521 1390209302120394754 1663513705.0 r 1283646922406760448
1571551194715234306 1390620618001838086 1663521977.0 r 1283646922406760448
1571554028806459393 1283646922406760448 1663522653.0 r 1390620618001838086
1571589817997340677 1437952405283426310 1663531185.0 r 1234752200145899520
1571842179483709440 1234752200145899520 1663591353.0 r 1437952405283426310
1572004103437385729 1283646922406760448 1663629959.0 m 10228272 r 1437961007029227520
1572007571875319808 1437961007029227520 1663630786.0 m 10228272 r 1283646922406760448
1572007927354892288 1283646922406760448 1663630871.0 m 10228272 r 1437961007029227520
1572012241477857281 1437961007029227520 1663631899.0 m 10228272 r 1283646922406760448
1572014393671442437 1390637197167038464 1663632412.0 r 1283646922406760448
1572016325450661888 1283646922406760448 1663632873.0 r 1437961007029227520
1572016412356448257 1437961007029227520 1663632894.0 r 1283646922406760448
1572016577738080256 1283646922406760448 1663632933.0 r 1390637197167038464
1572016752145358848 1283646922406760448 1663632975.0 r 1437961007029227520
1572017123643252742 1437961007029227520 1663633063.0 r 1283646922406760448
1572043236038025218 1546328834559340544 1663639289.0 r 1409817096523968513
1572096788311457793 1465851188562345985 1663652057.0 r 1283653858510598144
1572285407496404992 1283653858510598144 1663697027.0 r 1465851188562345985
1572292092017389568 1390637197167038464 1663698621.0 r 1283646922406760448
1572306804583051264 1465850835951357955 1663702128.0 r 1328277233492844544
1572311441876856832 1328277233492844544 1663703234.0 r 1465850835951357955
1572458241422163970 1546328834559340544 1663738234.0 r 1409783149211443200
1572492692327927810 1536576325296996352 1663746448.0 r 1437959162651156484
1572494159436546048 1437959162651156484 1663746797.0 r 1536576325296996352
1572600858554298371 1546328834559340544 1663772236.0 r 1328277233492844544
1572601099424768000 1328277233492844544 1663772294.0 r 1546328834559340544
1572601192525746176 1328277233492844544 1663772316.0 r 1546328834559340544
1572602296701423617 1546328834559340544 1663772579.0 r 1328277233492844544
1572631678836740096 1465851881180348425 1663779584.0 r 1536576325296996352
1572828124139888642 1323147856828510208 1663826421.0 r 1536576325296996352
1572829818827448321 1536576325296996352 1663826825.0 r 1465851881180348425
1572973053914787844 1546328834559340544 1663860975.0 r 1283653858510598144
1572994930070687750 1546328834559340544 1663866190.0 r 1283646922406760448
1573009012345524226 1390620618001838086 1663869548.0 r 1328277233492844544
1573010080379080705 1328277233492844544 1663869802.0 r 1390620618001838086
1573019097142624262 1437959162651156484 1663871952.0 m 1283653858510598144 r 1546328834559340544
1573038227602259968 1465851881180348425 1663876513.0 r 1536576325296996352
1573204474793172992 1546328834559340544 1663916150.0 r 1409817096523968513
1573264760845524997 1437959162651156484 1663930523.0 r 1536576325296996352
1573294842935119873 1536576325296996352 1663937695.0 r 1465851188562345985
1573296851226603521 1465851188562345985 1663938174.0 r 1536576325296996352
1573298287561809922 1536576325296996352 1663938516.0 r 1437959162651156484
1573363265589358592 1546328834559340544 1663954008.0 m 1328277233492844544 r 1283646922406760448
1573435733884702721 1536576325296996352 1663971286.0 r 1465851881180348425
1573440061747634176 1465851881180348425 1663972318.0 r 1536576325296996352
1573564004747952128 1536575088996524032 1664001868.0 m 1490867613915828224
1573564005397970945 1490867613915828224 1664001868.0 m 1536575088996524032
1573564304313708545 1536577295632441344 1664001940.0 m 1490867613915828224 r 1536575088996524032
1573564439009296384 1490867613915828224 1664001972.0 m 1536575088996524032 r 1536577295632441344
1573564462128414720 1536575088996524032 1664001977.0 m 1490867613915828224 r 1536577295632441344
1573565538214748160 1390209302120394754 1664002234.0 m 1536575088996524032 r 1490867613915828224
1573670852024991744 1437959162651156484 1664027343.0 r 1536577295632441344
1573689773822279680 1283646922406760448 1664031854.0 r 1437961007029227520
1573689914717310986 1283646922406760448 1664031888.0 m 1437961007029227520 r 1437959162651156484
1573695476712579073 1437959162651156484 1664033214.0 m 1437961007029227520 r 1283646922406760448
1573725924557832193 1437961007029227520 1664040473.0 m 1283646922406760448 r 1437959162651156484
1573726074470547458 1437961007029227520 1664040509.0 r 1283646922406760448
1573727194379059202 1283646922406760448 1664040776.0 r 1437961007029227520
1573732619556118529 1437961007029227520 1664042069.0 r 1283646922406760448
1573740264186855426 1437959162651156484 1664043892.0 m 1283646922406760448 r 1437961007029227520
1573744106383503360 1492604168145539072 1664044808.0 r 1283653858510598144
1573797167826968577 1437959162651156484 1664057459.0 r 1536579341332516864
1573881132671721475 1437959162651156484 1664077477.0 r 1283646922406760448
1573901085391175683 1437959162651156484 1664082235.0 r 1283646922406760448
1573982252131766272 1234753886520393729 1664101586.0 r 1390209302120394754
1573998209139200001 1390209302120394754 1664105391.0 r 1234753886520393729
1573999966926032896 1234753886520393729 1664105810.0 m 1390209302120394754 r 980488216523415552
1574045946924892162 1437959162651156484 1664116772.0 r 1409783149211443200
1574137781403627520 1490867613915828224 1664138667.0 r 1536575088996524032
1574141511230439426 1536575088996524032 1664139557.0 r 1490867613915828224
1574217702180528128 1546328834559340544 1664157722.0 r 1283646922406760448
1574287657500381185 1437959162651156484 1664174401.0 r 1283646922406760448
1574287762106339330 1437959162651156484 1664174425.0 r 1536579341332516864
1574288691740172289 1437959162651156484 1664174647.0 m 1283646922406760448 r 451900970
1574350291595657218 1437961007029227520 1664189334.0 r 1536576325296996352
1574353713027682304 1536576325296996352 1664190149.0 r 1437961007029227520
1574581679565455360 1390209302120394754 1664244501.0 r 1283653858510598144
1574607516931133443 1437952405283426310 1664250661.0 r 1234752200145899520
1574653852082577408 1536575088996524032 1664261708.0 r 1437952405283426310
1574906115938295809 1437952405283426310 1664321853.0 r 1234753886520393729
1574971612809801728 1413318241804439552 1664337468.0 r 1486633489101307907
1574982174024925185 1545354510515654656 1664339986.0 r 1536576325296996352
1574990002743672832 1486633489101307907 1664341853.0 r 1413318241804439552
